0 0.97421875 0.8875 0.05078125 0.05625
0 0.65859375 0.9390625 0.0859375 0.08828125
0 0.7609375 0.87890625 0.06875 0.09140625
0 0.84375 0.8171875 0.0796875 0.08828125
0 0.93125 0.7453125 0.08515625 0.10546875
0 0.9796875 0.6984375 0.040625 0.07890625
0 0.49296875 0.9078125 0.08125 0.096875
0 0.5859375 0.840625 0.08828125 0.0859375
0 0.6703125 0.7890625 0.0625 0.05078125
0 0.74765625 0.74296875 0.04765625 0.05390625
0 0.82578125 0.6859375 0.071875 0.0640625
0 0.878125 0.6546875 0.0703125 0.05625
0 0.93671875 0.6109375 0.07421875 0.06796875
0 0.9796875 0.5828125 0.040625 0.06015625
0 0.49765625 0.775 0.06875 0.071875
0 0.578125 0.71484375 0.0578125 0.06875
0 0.6546875 0.6734375 0.065625 0.0578125
0 0.73515625 0.621875 0.0640625 0.0625
0 0.80078125 0.58984375 0.06171875 0.05390625
0 0.8546875 0.5546875 0.04921875 0.0515625
0 0.909375 0.528125 0.05 0.05703125
0 0.9625 0.4953125 0.053125 0.04375
0 0.446875 0.71640625 0.04453125 0.0625
0 0.52578125 0.67109375 0.0546875 0.0640625
0 0.59140625 0.6296875 0.040625 0.05625
0 0.66171875 0.58984375 0.0546875 0.05078125
0 0.71953125 0.55703125 0.0328125 0.04375
0 0.778125 0.52890625 0.05390625 0.0453125
0 0.821875 0.50234375 0.0390625 0.04453125
0 0.865625 0.4875 0.0453125 0.03984375
0 0.90859375 0.46015625 0.03046875 0.03125
0 0.44296875 0.62421875 0.04375 0.05078125
0 0.50625 0.59296875 0.04296875 0.0421875
0 0.41015625 0.59140625 0.0359375 0.0375
0 0.5703125 0.559375 0.04375 0.0390625
0 0.63203125 0.53046875 0.04140625 0.0390625
0 0.6890625 0.50390625 0.0421875 0.03828125
0 0.74296875 0.4796875 0.046875 0.04453125
0 0.7890625 0.4578125 0.04453125 0.03515625
0 0.8296875 0.440625 0.02890625 0.02578125
0 0.8703125 0.41875 0.0375 0.02421875
0 0.9078125 0.40234375 0.03671875 0.03125
0 0.9328125 0.38359375 0.034375 0.0265625
0 0.96953125 0.3671875 0.0296875 0.028125
0 0.52734375 0.534375 0.03515625 0.03671875
0 0.58046875 0.5078125 0.034375 0.025
0 0.62890625 0.484375 0.04140625 0.0375
0 0.67265625 0.46796875 0.03515625 0.02890625
0 0.72421875 0.44375 0.03203125 0.0328125
0 0.771875 0.421875 0.03671875 0.02890625
0 0.8140625 0.40234375 0.03203125 0.03046875
0 0.86015625 0.3859375 0.03203125 0.021875
0 0.88828125 0.36875 0.040625 0.028125
0 0.9234375 0.353125 0.03203125 0.025
0 0.5125 0.5046875 0.01171875 0.028125
0 0.55546875 0.4875 0.025 0.0265625
0 0.6 0.46875 0.03359375 0.02734375
0 0.64375 0.44140625 0.02734375 0.028125
0 0.6875 0.42734375 0.02578125 0.028125
0 0.728125 0.4078125 0.025 0.02265625
0 0.8015625 0.38046875 0.0234375 0.0234375
0 0.865625 0.353125 0.01875 0.0234375
0 0.89453125 0.33671875 0.025 0.021875
0 0.925 0.325 0.0234375 0.021875
0 0.94921875 0.315625 0.02421875 0.02578125
0 0.5328125 0.465625 0.03046875 0.02578125
0 0.57734375 0.44921875 0.02421875 0.021875
0 0.615625 0.43203125 0.028125 0.028125
0 0.65703125 0.41015625 0.02734375 0.02421875
0 0.69609375 0.3953125 0.021875 0.025
0 0.7375 0.38046875 0.02421875 0.025
0 0.80546875 0.35078125 0.025 0.028125
0 0.8953125 0.3109375 0.021875 0.0234375
0 0.92421875 0.2984375 0.021875 0.0140625
0 0.51875 0.44140625 0.021875 0.0203125
0 0.56328125 0.4234375 0.01953125 0.01875
0 0.5984375 0.40546875 0.02265625 0.01953125
0 0.63515625 0.3921875 0.02421875 0.01796875
0 0.6796875 0.375 0.01875 0.01640625
0 0.71328125 0.3609375 0.015625 0.01796875
0 0.74296875 0.34609375 0.02265625 0.01953125
0 0.77734375 0.33515625 0.01796875 0.0140625
0 0.8375 0.30625 0.0203125 0.0171875
0 0.86640625 0.29609375 0.0234375 0.0125
0 0.89921875 0.284375 0.01953125 0.01484375
0 0.92578125 0.27421875 0.0171875 0.01796875
0 0.95234375 0.2671875 0.021875 0.0140625
0 0.95390625 0.25078125 0.01171875 0.0140625
0 0.93046875 0.25625 0.01328125 0.0125
0 0.90703125 0.2640625 0.015625 0.01328125
0 0.884375 0.27265625 0.0171875 0.01171875
0 0.85859375 0.284375 0.01953125 0.01484375
0 0.83515625 0.29375 0.0203125 0.01484375
0 0.8078125 0.30234375 0.01875 0.015625
0 0.7796875 0.31015625 0.0234375 0.01875
0 0.721875 0.3359375 0.01640625 0.01640625
0 0.659375 0.3578125 0.01875 0.0203125
0 0.621875 0.37890625 0.02265625 0.01640625
0 0.59296875 0.38671875 0.0203125 0.02109375
0 0.5125 0.41953125 0.02109375 0.028125
0 0.5484375 0.38515625 0.0234375 0.02578125
0 0.584375 0.371875 0.02890625 0.02578125
0 0.55546875 0.36796875 0.0296875 0.0265625
0 0.48203125 0.4109375 0.0265625 0.02109375
0 0.44453125 0.41875 0.021875 0.01171875
0 0.41328125 0.4140625 0.0265625 0.01796875
0 0.45 0.40078125 0.0203125 0.0234375
0 0.48359375 0.3921875 0.01953125 0.01875
0 0.52265625 0.3796875 0.021875 0.0203125
0 0.5171875 0.40078125 0.02890625 0.01796875
0 0.615625 0.3609375 0.02421875 0.01875
0 0.6125 0.34140625 0.0265625 0.0234375
0 0.64375 0.3484375 0.021875 0.02421875
0 0.64609375 0.328125 0.028125 0.02109375
0 0.6734375 0.3359375 0.0234375 0.02109375
0 0.70390625 0.3265625 0.02421875 0.02265625
0 0.6984375 0.30703125 0.02734375 0.01796875
0 0.73203125 0.315625 0.02578125 0.01875
0 0.7515625 0.290625 0.0234375 0.01953125
0 0.784375 0.29375 0.0234375 0.01484375
0 0.8078125 0.28359375 0.01953125 0.01875
0 0.834375 0.27265625 0.025 0.021875
0 0.85703125 0.26328125 0.025 0.0234375
0 0.8796875 0.259375 0.021875 0.0203125
0 0.89921875 0.25 0.01640625 0.0140625
0 0.921875 0.2453125 0.02265625 0.01796875
0 0.3375 0.45 0.0171875 0.02734375
0 0.35 0.4671875 0.01953125 0.03828125