0 0.35078125 0.40703125 0.025 0.0234375
0 0.3703125 0.42421875 0.02890625 0.025
0 0.359375 0.44609375 0.021875 0.0234375
0 0.37421875 0.46484375 0.02890625 0.0234375
0 0.37890625 0.496875 0.0234375 0.02578125
0 0.39609375 0.4015625 0.02265625 0.02265625
0 0.42109375 0.4171875 0.02890625 0.025
0 0.4359375 0.3984375 0.03046875 0.02578125
0 0.40703125 0.43828125 0.02109375 0.02109375
0 0.42890625 0.4578125 0.0296875 0.021875
0 0.43515625 0.48515625 0.02734375 0.02421875
0 0.44765625 0.515625 0.03125 0.028125
0 0.45546875 0.5484375 0.03515625 0.0375
0 0.3921875 0.53046875 0.03671875 0.0359375
0 0.39453125 0.5640625 0.02890625 0.03359375
0 0.34375 0.6125 0.0421875 0.040625
0 0.41328125 0.60390625 0.0421875 0.04921875
0 0.48046875 0.5890625 0.04296875 0.0390625
0 0.45234375 0.4328125 0.0171875 0.0171875
0 0.4640625 0.415625 0.0296875 0.02578125
0 0.47421875 0.39140625 0.02734375 0.025
0 0.4921875 0.42734375 0.02265625 0.0265625
0 0.5046875 0.41015625 0.02578125 0.0203125
0 0.51328125 0.38828125 0.015625 0.01953125
0 0.48515625 0.45234375 0.0296875 0.0234375
0 0.48984375 0.48046875 0.02421875 0.025
0 0.5515625 0.38984375 0.0265625 0.01796875
0 0.53984375 0.40546875 0.0296875 0.02265625
0 0.53203125 0.421875 0.0265625 0.0171875
0 0.5328125 0.44609375 0.02265625 0.021875
0 0.58125 0.440625 0.02421875 0.01640625
0 0.5390625 0.4734375 0.0296875 0.02421875
0 0.575 0.4 0.02265625 0.02578125
0 0.58828125 0.3859375 0.02109375 0.02109375
0 0.61328125 0.39296875 0.0203125 0.0265625
0 0.653125 0.37578125 0.02265625 0.0234375
0 0.64609375 0.39453125 0.02578125 0.02109375
0 0.68671875 0.37109375 0.02578125 0.02265625
0 0.67734375 0.38828125 0.0234375 0.02109375
0 0.7125 0.37890625 0.02109375 0.025
0 0.74140625 0.38203125 0.02734375 0.02109375
0 0.771875 0.378125 0.02421875 0.0171875
0 0.74375 0.3609375 0.0171875 0.03125
0 0.76796875 0.3625 0.025 0.02265625
0 0.7984375 0.36328125 0.01953125 0.01953125
0 0.825 0.3609375 0.021875 0.021875
0 0.8296875 0.3734375 0.02109375 0.0171875
0 0.85390625 0.36875 0.01953125 0.01484375
0 0.88203125 0.36796875 0.02421875 0.0171875
0 0.90859375 0.36640625 0.021875 0.01640625
0 0.93046875 0.36484375 0.01796875 0.01640625
0 0.95234375 0.3640625 0.01875 0.0171875
0 0.971875 0.3609375 0.021875 0.01171875
0 0.6171875 0.41484375 0.01953125 0.01171875
0 0.65078125 0.4109375 0.015625 0.015625
0 0.69140625 0.40625 0.01796875 0.01328125
0 0.61953125 0.4328125 0.025 0.0203125
0 0.66015625 0.42890625 0.02265625 0.015625
0 0.70390625 0.42421875 0.0171875 0.0171875
0 0.740625 0.4203125 0.01640625 0.01640625
0 0.75703125 0.39765625 0.021875 0.015625
0 0.775 0.4125 0.02421875 0.01875
0 0.8109375 0.41171875 0.01875 0.015625
0 0.8203125 0.38984375 0.0171875 0.01484375
0 0.878125 0.4015625 0.0203125 0.0140625
0 0.87421875 0.38515625 0.02109375 0.0171875
0 0.8453125 0.3875 0.01640625 0.01328125
0 0.90703125 0.39921875 0.021875 0.0140625
0 0.9015625 0.38359375 0.01953125 0.0140625
0 0.92890625 0.378125 0.01640625 0.01171875
0 0.94140625 0.39296875 0.021875 0.01796875
0 0.96953125 0.39296875 0.0140625 0.01484375
0 0.99296875 0.3875 0.0140625 0.0125
0 0.978125 0.37421875 0.0140625 0.0109375
0 0.834375 0.43203125 0.028125 0.021875
0 0.9296875 0.41953125 0.0265625 0.021875
0 0.96171875 0.41484375 0.021875 0.0140625
0 0.9546875 0.4390625 0.021875 0.021875
0 0.9265625 0.44296875 0.028125 0.015625
0 0.89140625 0.44453125 0.021875 0.0109375
0 0.990625 0.4953125 0.01875 0.034375
0 0.984375 0.43828125 0.025 0.01875
0 0.76171875 0.44453125 0.02265625 0.021875
0 0.58828125 0.4703125 0.02265625 0.02265625
0 0.6296875 0.4625 0.025 0.025
0 0.67578125 0.45234375 0.021875 0.0203125
0 0.71640625 0.4484375 0.02109375 0.021875
0 0.81875 0.4609375 0.02109375 0.02109375
0 0.50546875 0.50234375 0.02578125 0.0296875
0 0.5171875 0.53359375 0.034375 0.03828125
0 0.55625 0.49921875 0.02890625 0.0265625
0 0.60390625 0.49296875 0.02734375 0.02421875
0 0.653125 0.48125 0.02734375 0.02890625
0 0.6984375 0.478125 0.02734375 0.02734375
0 0.74296875 0.46796875 0.025 0.02421875
0 0.8203125 0.48515625 0.01796875 0.02734375
0 0.7828125 0.49296875 0.0390625 0.03046875
0 0.7890625 0.53203125 0.0421875 0.0359375
0 0.73125 0.5 0.034375 0.0296875
0 0.73984375 0.5390625 0.04375 0.046875
0 0.675 0.51171875 0.03125 0.03203125
0 0.628125 0.51640625 0.040625 0.0328125
0 0.57578125 0.52421875 0.03359375 0.0265625
0 0.55078125 0.571875 0.04140625 0.03984375
0 0.61953125 0.55859375 0.03671875 0.0375
0 0.68046875 0.55234375 0.04375 0.04140625
0 0.39453125 0.6953125 0.0421875 0.0609375
0 0.4765625 0.6671875 0.05625 0.0578125
0 0.5515625 0.646875 0.03984375 0.0484375
0 0.6328125 0.628125 0.053125 0.04609375
0 0.69375 0.6109375 0.03984375 0.04296875
0 0.7625 0.596875 0.0546875 0.04296875
0 0.81015625 0.5859375 0.03828125 0.04140625
0 0.9453125 0.61875 0.05546875 0.034375
0 0.88671875 0.6296875 0.04921875 0.0515625
0 0.82734375 0.64453125 0.0484375 0.0546875
0 0.76875 0.66015625 0.0578125 0.0609375
0 0.69140625 0.6765625 0.06328125 0.06328125
0 0.603125 0.70859375 0.0609375 0.06328125
0 0.51875 0.7296875 0.0546875 0.0703125
0 0.43203125 0.759375 0.07421875 0.06328125
0 0.4890625 0.85 0.08515625 0.09609375
0 0.59140625 0.821875 0.053125 0.06171875
0 0.67421875 0.796875 0.05 0.059375
0 0.76484375 0.76015625 0.0703125 0.071875
0 0.828125 0.74453125 0.0578125 0.06484375
0 0.89375 0.72265625 0.075 0.06640625
0 0.9578125 0.70625 0.06484375 0.0609375
0 0.38515625 0.92734375 0.0640625 0.0390625
0 0.53828125 0.96015625 0.0921875 0.0796875
0 0.65390625 0.93203125 0.059375 0.09609375
0 0.746875 0.8953125 0.0734375 0.08828125
0 0.85 0.84609375 0.0765625 0.1046875
0 0.928125 0.82734375 0.0765625 0.09453125
0 0.971875 0.78203125 0.034375 0.0640625
0 0.95234375 0.96328125 0.0484375 0.0734375
0 0.87109375 0.984375 0.07890625 0.03125