0 0.96796875 0.9515625 0.0640625 0.096875
0 0.76796875 0.9765625 0.06875 0.046875
0 0.85390625 0.8890625 0.09296875 0.096875
0 0.909375 0.82578125 0.09453125 0.07890625
0 0.9625 0.759375 0.0734375 0.1
0 0.5359375 0.96015625 0.08046875 0.07890625
0 0.63515625 0.8859375 0.0859375 0.10078125
0 0.72734375 0.79609375 0.07421875 0.0875
0 0.8015625 0.73984375 0.06875 0.0734375
0 0.8546875 0.678125 0.059375 0.065625
0 0.9109375 0.63828125 0.05078125 0.06875
0 0.9625 0.5875 0.0578125 0.05390625
0 0.35390625 0.9734375 0.0625 0.053125
0 0.46484375 0.90234375 0.06875 0.09453125
0 0.55 0.825 0.04375 0.08046875
0 0.634375 0.75 0.06484375 0.06484375
0 0.70078125 0.69375 0.04296875 0.0515625
0 0.7671875 0.65 0.05859375 0.05703125
0 0.8109375 0.61015625 0.04609375 0.0515625
0 0.853125 0.58515625 0.04765625 0.05
0 0.89609375 0.54765625 0.03046875 0.03671875
0 0.26953125 0.884375 0.04453125 0.071875
0 0.35234375 0.83125 0.0625 0.0765625
0 0.43828125 0.775 0.0484375 0.0640625
0 0.5171875 0.71171875 0.053125 0.059375
0 0.5921875 0.66171875 0.04765625 0.053125
0 0.6546875 0.6234375 0.04765625 0.05234375
0 0.71328125 0.584375 0.05 0.0546875
0 0.7625 0.55390625 0.0390625 0.0421875
0 0.80703125 0.5265625 0.0359375 0.03203125
0 0.84453125 0.49765625 0.04375 0.03515625
0 0.8796875 0.475 0.03828125 0.0390625
0 0.909375 0.45 0.02421875 0.02734375
0 0.940625 0.42890625 0.0375 0.03515625
0 0.3125 0.778125 0.05078125 0.0484375
0 0.390625 0.7234375 0.046875 0.0578125
0 0.46328125 0.67890625 0.03671875 0.0453125
0 0.52734375 0.634375 0.03359375 0.0359375
0 0.5828125 0.5984375 0.0453125 0.04375
0 0.63125 0.5734375 0.0390625 0.0359375
0 0.6890625 0.5421875 0.03671875 0.04453125
0 0.7375 0.50859375 0.04296875 0.0328125
0 0.78125 0.48125 0.03828125 0.03515625
0 0.8265625 0.4578125 0.0328125 0.0234375
0 0.85 0.43671875 0.03046875 0.02890625
0 0.88125 0.41484375 0.03203125 0.02734375
0 0.9390625 0.38203125 0.0296875 0.02578125
0 0.96484375 0.36640625 0.03046875 0.02890625
0 0.95234375 0.51484375 0.0375 0.03203125
0 0.975 0.48828125 0.03984375 0.0296875
0 0.3046875 0.72890625 0.05 0.0484375
0 0.37578125 0.68125 0.0421875 0.04375
0 0.4390625 0.6359375 0.03125 0.0390625
0 0.4953125 0.60859375 0.03046875 0.03203125
0 0.5453125 0.58046875 0.03515625 0.0375
0 0.59609375 0.54453125 0.03359375 0.03984375
0 0.64140625 0.52265625 0.03046875 0.034375
0 0.6859375 0.49296875 0.03046875 0.0296875
0 0.76015625 0.45625 0.021875 0.0265625
0 0.82421875 0.41796875 0.025 0.02109375
0 0.85 0.3984375 0.02109375 0.0234375
0 0.8765625 0.38125 0.0265625 0.028125
0 0.90234375 0.37109375 0.02265625 0.01796875
0 0.95078125 0.3453125 0.01640625 0.01953125
0 0.96796875 0.33125 0.0140625 0.01875
0 0.990625 0.31875 0.01796875 0.01953125
0 0.98828125 0.3515625 0.0234375 0.028125
0 0.84765625 0.36875 0.01953125 0.02109375
0 0.87421875 0.35546875 0.01796875 0.01796875
0 0.8953125 0.34296875 0.01796875 0.0203125
0 0.92109375 0.328125 0.0171875 0.02421875
0 0.94609375 0.31796875 0.01875 0.0203125
0 0.96328125 0.30625 0.0203125 0.01953125
0 0.978125 0.2953125 0.01796875 0.01875
0 0.7890625 0.3671875 0.0203125 0.01640625
0 0.8171875 0.35390625 0.0203125 0.01796875
0 0.846875 0.33828125 0.0171875 0.02265625
0 0.87109375 0.3265625 0.01640625 0.01875
0 0.89453125 0.31640625 0.01796875 0.015625
0 0.9140625 0.30703125 0.0203125 0.0171875
0 0.93203125 0.296875 0.01953125 0.0171875
0 0.95234375 0.284375 0.01796875 0.01640625
0 0.9703125 0.2765625 0.01953125 0.021875
0 0.7296875 0.4015625 0.01875 0.01640625
0 0.7609375 0.41875 0.02578125 0.0265625
0 0.7265625 0.37578125 0.01640625 0.02109375
0 0.7546875 0.365625 0.0203125 0.02109375
0 0.73203125 0.35625 0.01796875 0.01953125
0 0.75234375 0.34375 0.01875 0.0171875
0 0.78125 0.35078125 0.015625 0.0140625
0 0.80390625 0.3390625 0.0171875 0.0171875
0 0.828125 0.328125 0.01640625 0.015625
0 0.78203125 0.33515625 0.02265625 0.0171875
0 0.76953125 0.3203125 0.01875 0.0171875
0 0.80078125 0.325 0.021875 0.0171875
0 0.796875 0.30703125 0.01953125 0.01875
0 0.81953125 0.3171875 0.0203125 0.01875
0 0.8125 0.3046875 0.0203125 0.01328125
0 0.828125 0.296875 0.02109375 0.0171875
0 0.84296875 0.30546875 0.01953125 0.015625
0 0.86171875 0.29609375 0.01953125 0.0140625
0 0.88203125 0.28984375 0.01875 0.01640625
0 0.89375 0.28046875 0.01953125 0.01640625
0 0.9109375 0.27578125 0.0171875 0.015625
0 0.92890625 0.2671875 0.01875 0.01484375
0 0.94921875 0.26953125 0.01171875 0.0125
0 0.9640625 0.2609375 0.01328125 0.01171875
0 0.9875 0.23203125 0.021875 0.01875
0 0.9484375 0.25078125 0.0234375 0.02109375
0 0.97109375 0.24375 0.0203125 0.02265625
0 0.72265625 0.34296875 0.025 0.01875
0 0.69765625 0.3578125 0.028125 0.01875
0 0.6953125 0.41484375 0.02421875 0.01875
0 0.6921875 0.459375 0.02109375 0.0234375
0 0.6515625 0.4796875 0.02421875 0.025
0 0.60859375 0.5 0.02421875 0.02109375
0 0.2828125 0.68828125 0.0296875 0.03828125
0 0.3484375 0.64453125 0.03359375 0.0359375
0 0.41171875 0.61171875 0.028125 0.02734375
0 0.46796875 0.57890625 0.03125 0.03359375
0 0.5640625 0.528125 0.02265625 0.028125
0 0.51953125 0.553125 0.02109375 0.03125
0 0.26484375 0.64296875 0.03125 0.03359375
0 0.33515625 0.61171875 0.0296875 0.02890625
0 0.3984375 0.5734375 0.0296875 0.034375
0 0.45234375 0.546875 0.0234375 0.0265625
0 0.50546875 0.5203125 0.01796875 0.02265625
0 0.24140625 0.62421875 0.025 0.02578125
0 0.29921875 0.5921875 0.025 0.02734375
0 0.2515625 0.58828125 0.03125 0.0390625
0 0.22421875 0.5734375 0.03203125 0.0328125
0 0.27734375 0.54921875 0.0296875 0.028125
0 0.31328125 0.5578125 0.034375 0.03125
0 0.35546875 0.5609375 0.0203125 0.025
0 0.3234375 0.525 0.03359375 0.03125
0 0.3609375 0.534375 0.034375 0.03515625
0 0.3703125 0.503125 0.028125 0.02421875
0 0.40234375 0.5359375 0.03203125 0.03359375
0 0.41015625 0.5078125 0.02890625 0.0296875
0 0.44453125 0.5171875 0.028125 0.025
0 0.409375 0.4875 0.021875 0.01953125
0 0.44609375 0.49609375 0.028125 0.02265625
0 0.45703125 0.46796875 0.02734375 0.025
0 0.54453125 0.49921875 0.02421875 0.021875
0 0.5828125 0.478125 0.02109375 0.01875
0 0.48515625 0.47421875 0.02578125 0.0203125
0 0.49140625 0.453125 0.02265625 0.021875
0 0.5234375 0.45703125 0.0296875 0.02578125
0 0.5578125 0.44140625 0.025 0.01953125
0 0.5578125 0.41953125 0.02421875 0.02265625
0 0.48671875 0.4984375 0.01953125 0.015625
0 0.534375 0.4765625 0.02109375 0.01484375
0 0.56953125 0.4578125 0.0171875 0.015625
0 0.60546875 0.4375 0.0125 0.015625
0 0.62890625 0.45546875 0.01796875 0.01953125
0 0.6640625 0.43828125 0.01875 0.01640625
0 0.58828125 0.42265625 0.02265625 0.025
0 0.5875 0.40390625 0.0234375 0.0171875
0 0.61953125 0.409375 0.021875 0.021875
0 0.64921875 0.396875 0.0265625 0.01953125
0 0.67890625 0.3828125 0.02265625 0.02109375
0 0.665625 0.37109375 0.025 0.0234375
0 0.61484375 0.39453125 0.01953125 0.015625
0 0.64375 0.3765625 0.01953125 0.0203125