0 0.7796875 0.89765625 0.10234375 0.10703125
0 0.55390625 0.93203125 0.1125 0.1328125
0 0.290625 0.9609375 0.1 0.078125
0 0.21796875 0.9109375 0.0984375 0.109375
0 0.140625 0.84765625 0.08125 0.09375
0 0.08203125 0.7609375 0.07890625 0.0859375
0 0.04765625 0.70078125 0.0390625 0.075
0 0.4234375 0.81953125 0.09921875 0.115625
0 0.6453125 0.81171875 0.0703125 0.103125
0 0.02578125 0.640625 0.03125 0.05625
0 0.51953125 0.72890625 0.0875 0.08125
0 0.4390625 0.6640625 0.05703125 0.071875
0 0.2421875 0.6609375 0.03359375 0.04921875
0 0.19296875 0.63984375 0.0546875 0.08125
0 0.13828125 0.5921875 0.0625 0.06953125
0 0.07734375 0.56171875 0.0484375 0.053125
0 0.04296875 0.5203125 0.05546875 0.04296875
0 0.02109375 0.4953125 0.04140625 0.040625
0 0.2390625 0.5625 0.03515625 0.04921875
0 0.196875 0.521875 0.034375 0.03671875
0 0.14140625 0.4984375 0.028125 0.03203125
0 0.1171875 0.47265625 0.034375 0.0375
0 0.08671875 0.45234375 0.03125 0.0484375
0 0.05390625 0.43515625 0.0296875 0.03984375
0 0.01953125 0.4140625 0.03828125 0.03203125
0 0.89921875 0.7640625 0.09140625 0.1109375
0 0.771875 0.7 0.075 0.08359375
0 0.65078125 0.63046875 0.06953125 0.06953125
0 0.5484375 0.58515625 0.05703125 0.0609375
0 0.4671875 0.54921875 0.05625 0.065625
0 0.4015625 0.51796875 0.05078125 0.034375
0 0.29453125 0.46484375 0.034375 0.034375
0 0.24453125 0.4453125 0.0421875 0.046875
0 0.21171875 0.42578125 0.03515625 0.0484375
0 0.14375 0.3890625 0.03359375 0.0375
0 0.0875 0.36328125 0.02734375 0.0296875
0 0.0265625 0.33125 0.02421875 0.02734375
0 0.009375 0.32265625 0.01875 0.0234375
0 0.30625 0.403125 0.02890625 0.03828125
0 0.26328125 0.38828125 0.02890625 0.02265625
0 0.23203125 0.371875 0.03515625 0.0296875
0 0.19375 0.3578125 0.03359375 0.02734375
0 0.1390625 0.3359375 0.0328125 0.0265625
0 0.1140625 0.3265625 0.02734375 0.03046875
0 0.08828125 0.31796875 0.02421875 0.028125
0 0.065625 0.309375 0.02109375 0.02734375
0 0.04453125 0.29921875 0.0265625 0.025
0 0.0234375 0.29140625 0.01875 0.021875
0 0.009375 0.28203125 0.01796875 0.01953125
0 0.01796875 0.25859375 0.0140625 0.0140625
0 0.00625 0.2546875 0.0125 0.01484375
0 0.065625 0.275 0.02109375 0.01796875
0 0.08515625 0.28203125 0.021875 0.01796875
0 0.10546875 0.28984375 0.015625 0.01796875
0 0.12421875 0.296875 0.0171875 0.01875
0 0.17265625 0.3109375 0.01640625 0.02109375
0 0.178125 0.403125 0.028125 0.03203125
0 0.25546875 0.33984375 0.0234375 0.021875
0 0.2234375 0.32734375 0.02578125 0.021875
0 0.19765625 0.3171875 0.0234375 0.0234375
0 0.39609375 0.34453125 0.02578125 0.01875
0 0.3171875 0.3203125 0.021875 0.025
0 0.22421875 0.28984375 0.01875 0.02109375
0 0.1984375 0.2828125 0.01953125 0.01875
0 0.15078125 0.26796875 0.02421875 0.01953125
0 0.17734375 0.278125 0.015625 0.0171875
0 0.1265625 0.26328125 0.01875 0.01796875
0 0.10625 0.26015625 0.01953125 0.015625
0 0.09609375 0.25390625 0.01484375 0.01484375
0 0.05703125 0.24375 0.0140625 0.0125
0 0.028125 0.23515625 0.0140625 0.01484375
0 0.284375 0.271875 0.021875 0.021875
0 0.34765625 0.2921875 0.02265625 0.01640625
0 0.384375 0.2984375 0.02109375 0.0234375
0 0.42265625 0.31171875 0.02109375 0.02109375
0 0.46015625 0.3234375 0.028125 0.0234375
0 0.25625 0.265625 0.01953125 0.01328125
0 0.22421875 0.2578125 0.01875 0.02109375
0 0.19921875 0.253125 0.0171875 0.01875
0 0.17734375 0.246875 0.015625 0.0140625
0 0.1546875 0.2421875 0.015625 0.0140625
0 0.13828125 0.23828125 0.01484375 0.0171875
0 0.11796875 0.23125 0.0171875 0.01796875
0 0.10078125 0.228125 0.0171875 0.01875
0 0.08671875 0.22421875 0.0140625 0.0125
0 0.0703125 0.22421875 0.0140625 0.01328125
0 0.053125 0.21796875 0.0171875 0.01484375
0 0.0390625 0.21640625 0.0140625 0.0140625
0 0.06640625 0.2015625 0.0109375 0.0125
0 0.08046875 0.20234375 0.0140625 0.0109375
0 0.09375 0.20546875 0.0140625 0.01171875
0 0.10859375 0.20859375 0.0125 0.009375
0 0.12265625 0.21171875 0.01484375 0.01328125
0 0.21953125 0.23359375 0.01328125 0.01328125
0 0.2421875 0.23828125 0.01171875 0.01328125
0 0.2671875 0.24375 0.01796875 0.0109375
0 0.28984375 0.24921875 0.01640625 0.015625
0 0.31953125 0.25703125 0.0203125 0.01640625
0 0.34140625 0.23984375 0.0171875 0.0203125
0 0.31640625 0.23203125 0.021875 0.01875
0 0.28984375 0.228125 0.0203125 0.01640625
0 0.3015625 0.21328125 0.01875 0.01875
0 0.26875 0.2234375 0.01875 0.01640625
0 0.246875 0.22109375 0.02109375 0.01875
0 0.225 0.21796875 0.01875 0.015625
0 0.2046875 0.21328125 0.01796875 0.0171875
0 0.934375 0.66953125 0.06953125 0.06953125
0 0.81484375 0.6125 0.06640625 0.07578125
0 0.71015625 0.56640625 0.05078125 0.059375
0 0.61796875 0.525 0.0453125 0.040625
0 0.5453125 0.496875 0.05625 0.05234375
0 0.48671875 0.475 0.0328125 0.0421875
0 0.9296875 0.58671875 0.06875 0.06015625
0 0.82421875 0.53671875 0.05625 0.05390625
0 0.7265625 0.50078125 0.03828125 0.04453125
0 0.64921875 0.47734375 0.03046875 0.0390625
0 0.58203125 0.45546875 0.03828125 0.0375
0 0.51640625 0.425 0.0328125 0.040625
0 0.49140625 0.375 0.03046875 0.02890625
0 0.5484375 0.39296875 0.03203125 0.028125
0 0.60625 0.4125 0.02578125 0.03125
0 0.67421875 0.4296875 0.04296875 0.03984375
0 0.75234375 0.453125 0.03828125 0.0359375
0 0.84140625 0.47734375 0.0453125 0.04765625
0 0.94453125 0.51640625 0.04140625 0.0515625
0 0.94921875 0.4453125 0.046875 0.0453125
0 0.85 0.42578125 0.0453125 0.03515625
0 0.7578125 0.39765625 0.040625 0.040625
0 0.684375 0.38125 0.02734375 0.02734375
0 0.61484375 0.3625 0.02109375 0.021875
0 0.5640625 0.34921875 0.03203125 0.02734375
0 0.51328125 0.33515625 0.025 0.02421875
0 0.96953125 0.4078125 0.03671875 0.0359375
0 0.88671875 0.3828125 0.03515625 0.034375
0 0.809375 0.36796875 0.02734375 0.034375
0 0.7453125 0.3484375 0.03515625 0.03515625
0 0.6875 0.33828125 0.03515625 0.02890625
0 0.94296875 0.3609375 0.046875 0.0375
0 0.96484375 0.33515625 0.0296875 0.03984375
0 0.85703125 0.34296875 0.03984375 0.03984375
0 0.89765625 0.31796875 0.03828125 0.034375
0 0.83125 0.30546875 0.0421875 0.03359375
0 0.79140625 0.32890625 0.04140625 0.040625
0 0.77109375 0.29140625 0.03984375 0.03203125
0 0.7265625 0.315625 0.03984375 0.03828125
0 0.6765625 0.30625 0.03828125 0.034375
0 0.628125 0.29609375 0.0328125 0.02734375
0 0.6640625 0.278125 0.03046875 0.028125
0 0.615625 0.27109375 0.028125 0.0265625
0 0.57734375 0.28828125 0.0296875 0.0296875
0 0.534375 0.28125 0.02421875 0.03203125
0 0.53359375 0.253125 0.0296875 0.0234375
0 0.49921875 0.26953125 0.028125 0.03515625
0 0.346875 0.221875 0.02265625 0.0203125
0 0.3734375 0.22578125 0.02109375 0.02265625
0 0.40078125 0.23359375 0.02578125 0.0203125
0 0.42890625 0.23671875 0.02578125 0.02578125
0 0.4640625 0.24453125 0.02890625 0.02265625
0 0.49375 0.2453125 0.02734375 0.0234375
0 0.4640625 0.26640625 0.02265625 0.028125
0 0.4296875 0.25859375 0.0265625 0.025
0 0.396875 0.25078125 0.0203125 0.021875
0 0.71640625 0.28359375 0.028125 0.02421875