0 0.07265625 0.09921875 0.0234375 0.01640625
0 0.06015625 0.12421875 0.01640625 0.0203125
0 0.0984375 0.1203125 0.01875 0.01796875
0 0.0703125 0.13828125 0.02265625 0.01875
0 0.09765625 0.1640625 0.025 0.01796875
0 0.115625 0.18125 0.02421875 0.02265625
0 0.11328125 0.12890625 0.021875 0.01640625
0 0.1234375 0.1421875 0.02109375 0.01953125
0 0.140625 0.1578125 0.03046875 0.02578125
0 0.16875 0.140625 0.0234375 0.015625
0 0.1859375 0.153125 0.021875 0.01875
0 0.203125 0.1671875 0.01640625 0.01484375
0 0.21640625 0.18046875 0.01796875 0.01484375
0 0.25859375 0.2109375 0.021875 0.0203125
0 0.27890625 0.22578125 0.02421875 0.02265625
0 0.30234375 0.24375 0.0234375 0.01875
0 0.325 0.265625 0.021875 0.02265625
0 0.16015625 0.17421875 0.01875 0.01953125
0 0.175 0.18671875 0.028125 0.0234375
0 0.19765625 0.20625 0.03125 0.0296875
0 0.21796875 0.225 0.02890625 0.02734375
0 0.15859375 0.23046875 0.0265625 0.021875
0 0.2 0.2765625 0.03671875 0.0328125
0 0.2640625 0.2609375 0.034375 0.0265625
0 0.29296875 0.28671875 0.0328125 0.028125
0 0.3140625 0.21015625 0.02265625 0.01953125
0 0.2921875 0.1921875 0.0203125 0.015625
0 0.390625 0.26953125 0.02421875 0.02265625
0 0.4609375 0.2703125 0.02265625 0.021875
0 0.2484375 0.1625 0.021875 0.01640625
0 0.23125 0.15 0.01953125 0.0140625
0 0.21484375 0.140625 0.0203125 0.01328125
0 0.20390625 0.1296875 0.01640625 0.015625
0 0.37421875 0.2109375 0.01875 0.02109375
0 0.43671875 0.225 0.01328125 0.015625
0 0.415625 0.20859375 0.01875 0.0171875
0 0.37421875 0.209375 0.0171875 0.01875
0 0.38828125 0.19296875 0.015625 0.0140625
0 0.4203125 0.184375 0.01953125 0.02109375
0 0.4390625 0.20078125 0.01953125 0.0203125
0 0.45078125 0.1875 0.0234375 0.0203125
0 0.3703125 0.18046875 0.0171875 0.01328125
0 0.396875 0.171875 0.01875 0.0171875
0 0.41328125 0.1625 0.01953125 0.01875
0 0.35234375 0.19453125 0.021875 0.01875
0 0.32421875 0.17890625 0.0203125 0.0234375
0 0.30234375 0.1625 0.01875 0.01796875
0 0.2734375 0.18125 0.0140625 0.0140625
0 0.28203125 0.15078125 0.01796875 0.01328125
0 0.26484375 0.140625 0.01484375 0.01484375
0 0.375 0.159375 0.01796875 0.0171875
0 0.38203125 0.146875 0.02421875 0.01640625
0 0.3578125 0.15078125 0.021875 0.01875
0 0.33828125 0.140625 0.01796875 0.01640625
0 0.3546875 0.13125 0.01875 0.01875
0 0.32109375 0.13125 0.01796875 0.0171875
0 0.334375 0.121875 0.02109375 0.01875
0 0.3046875 0.1203125 0.01796875 0.01796875
0 0.31796875 0.1125 0.01796875 0.01640625
0 0.2796875 0.10546875 0.01796875 0.01796875
0 0.3 0.10234375 0.0203125 0.015625
0 0.26171875 0.0953125 0.01640625 0.01640625
0 0.2484375 0.08671875 0.01640625 0.01328125
0 0.246875 0.071875 0.01328125 0.0140625
0 0.2359375 0.08203125 0.015625 0.015625
0 0.22578125 0.075 0.01875 0.015625
0 0.2125 0.06640625 0.01796875 0.01484375
0 0.475 0.1984375 0.0203125 0.02109375
0 0.48828125 0.22890625 0.0203125 0.02265625
0 0.49765625 0.2140625 0.02109375 0.025
0 0.5171875 0.24921875 0.0265625 0.02265625
0 0.5234375 0.23046875 0.02109375 0.0234375
0 0.49140625 0.25859375 0.01953125 0.01953125
0 0.5515625 0.24765625 0.02265625 0.02265625
0 0.546875 0.26640625 0.02109375 0.0234375
0 0.5828125 0.2609375 0.0296875 0.0265625
0 0.57734375 0.28515625 0.02734375 0.0265625
0 0.60703125 0.30546875 0.02734375 0.02734375
0 0.61328125 0.2796875 0.03125 0.03046875
0 0.6453125 0.32734375 0.0296875 0.0296875
0 0.68359375 0.32421875 0.03671875 0.02890625
0 0.6890625 0.35 0.034375 0.028125
0 0.728125 0.34453125 0.03515625 0.02890625
0 0.7296875 0.37890625 0.0375 0.03203125
0 0.73203125 0.41328125 0.03125 0.028125
0 0.49140625 0.2984375 0.01796875 0.01953125
0 0.5546875 0.30234375 0.01875 0.0203125
0 0.52265625 0.321875 0.02421875 0.02109375
0 0.56953125 0.34921875 0.025 0.02421875
0 0.61171875 0.3796875 0.028125 0.02578125
0 0.65546875 0.4109375 0.02578125 0.025
0 0.7140625 0.45390625 0.03125 0.03359375
0 0.453125 0.32109375 0.02421875 0.02578125
0 0.49375 0.34921875 0.025 0.02890625
0 0.53515625 0.37734375 0.02890625 0.03203125
0 0.38515625 0.31328125 0.02265625 0.0265625
0 0.453125 0.36484375 0.03359375 0.0328125
0 0.35390625 0.34453125 0.040625 0.03828125
0 0.39453125 0.38125 0.046875 0.04296875
0 0.4375 0.421875 0.04453125 0.04765625
0 0.4921875 0.40546875 0.02734375 0.03359375
0 0.540625 0.434375 0.03671875 0.04375
0 0.0375 0.29921875 0.03203125 0.040625
0 0.05 0.20859375 0.02421875 0.03046875
0 0.06484375 0.22421875 0.03125 0.034375
0 0.078125 0.253125 0.03515625 0.0265625
0 0.103125 0.284375 0.034375 0.0328125
0 0.12578125 0.315625 0.034375 0.0375
0 0.1515625 0.34375 0.0359375 0.0234375
0 0.2078125 0.41796875 0.0390625 0.034375
0 0.24453125 0.4703125 0.05390625 0.0390625
0 0.27890625 0.50703125 0.0515625 0.0609375
0 0.05078125 0.3296875 0.046875 0.03515625
0 0.0640625 0.3625 0.0640625 0.04453125
0 0.08046875 0.4109375 0.05859375 0.046875
0 0.16484375 0.37734375 0.0390625 0.021875
0 0.125 0.46171875 0.06640625 0.0609375
0 0.1625 0.5296875 0.0671875 0.07890625
0 0.23046875 0.29921875 0.0265625 0.028125
0 0.2546875 0.33046875 0.04609375 0.04609375
0 0.2796875 0.359375 0.04765625 0.0328125
0 0.31875 0.39921875 0.0421875 0.0328125
0 0.35859375 0.4359375 0.05 0.04609375
0 0.39765625 0.4703125 0.0578125 0.04375
0 0.31484375 0.31171875 0.034375 0.01875
0 0.41875 0.340625 0.02109375 0.02265625
0 0.428125 0.253125 0.021875 0.01953125
0 0.20859375 0.5890625 0.07109375 0.08984375
0 0.2484375 0.67890625 0.08828125 0.09765625
0 0.31875 0.77265625 0.0921875 0.12109375
0 0.43828125 0.7171875 0.07890625 0.08671875
0 0.034375 0.6078125 0.06875 0.0875
0 0.0625 0.6875 0.10546875 0.12109375
0 0.09921875 0.79375 0.11484375 0.10546875
0 0.0125 0.51953125 0.025 0.0765625
0 0.13359375 0.8921875 0.11640625 0.1203125
0 0.39921875 0.91796875 0.11796875 0.14375
0 0.4625 0.53359375 0.03515625 0.0578125
0 0.51953125 0.5953125 0.0546875 0.0578125
0 0.49140625 0.4671875 0.05 0.0390625
0 0.5453125 0.5125 0.05625 0.0546875
0 0.58203125 0.41875 0.0296875 0.034375
0 0.628125 0.4515625 0.01953125 0.02578125
0 0.59296875 0.48828125 0.03828125 0.040625
0 0.60078125 0.56484375 0.04453125 0.05390625
0 0.64765625 0.5265625 0.03046875 0.03203125
0 0.6859375 0.4921875 0.040625 0.0421875
0 0.9375 0.46484375 0.0359375 0.0359375
0 0.98984375 0.50546875 0.0203125 0.0421875
0 0.96484375 0.51796875 0.04296875 0.0359375
0 0.88984375 0.490625 0.03984375 0.021875
0 0.83671875 0.4875 0.028125 0.01796875
0 0.77734375 0.49765625 0.0421875 0.03515625
0 0.7515625 0.54453125 0.0375 0.040625
0 0.71484375 0.5765625 0.040625 0.0515625
0 0.90234375 0.52109375 0.03046875 0.02890625
0 0.853125 0.55 0.03984375 0.03828125
0 0.975 0.5734375 0.034375 0.0359375
0 0.93984375 0.6046875 0.04609375 0.05625
0 0.91015625 0.6703125 0.04140625 0.05546875
0 0.82890625 0.5984375 0.04140625 0.04921875
0 0.79140625 0.6453125 0.04921875 0.05546875
0 0.75859375 0.7171875 0.06484375 0.08359375
0 0.86875 0.72890625 0.0640625 0.065625
0 0.85 0.80546875 0.0640625 0.078125
0 0.68203125 0.79375 0.065625 0.0703125
0 0.521875 0.83359375 0.05625 0.0890625
0 0.79140625 0.87890625 0.08671875 0.11796875
0 0.896875 0.9671875 0.071875 0.06484375
0 0.61953125 0.98828125 0.0953125 0.0234375