0 0.02109375 0.37890625 0.03046875 0.0375
0 0.0875 0.35546875 0.03515625 0.034375
0 0.1515625 0.3359375 0.04375 0.03203125
0 0.21171875 0.31796875 0.0359375 0.02890625
0 0.2671875 0.30390625 0.02265625 0.0203125
0 0.31953125 0.28984375 0.03359375 0.02421875
0 0.3671875 0.2828125 0.0328125 0.02734375
0 0.046875 0.39921875 0.0453125 0.03515625
0 0.13046875 0.37734375 0.0421875 0.0421875
0 0.1953125 0.3578125 0.0453125 0.0375
0 0.25859375 0.3359375 0.0390625 0.0359375
0 0.309375 0.32578125 0.03984375 0.03359375
0 0.35625 0.3078125 0.03359375 0.0296875
0 0.4046875 0.29609375 0.03203125 0.0328125
0 0.44609375 0.28515625 0.02734375 0.02734375
0 0.0265625 0.45234375 0.03671875 0.03125
0 0.10546875 0.41953125 0.03359375 0.0359375
0 0.18125 0.3953125 0.0296875 0.03203125
0 0.24375 0.3703125 0.03828125 0.03203125
0 0.2984375 0.35625 0.034375 0.02890625
0 0.05 0.4859375 0.04765625 0.046875
0 0.23515625 0.41953125 0.03984375 0.0421875
0 0.30625 0.39765625 0.02734375 0.03125
0 0.375 0.375 0.02890625 0.0203125
0 0.42578125 0.35546875 0.028125 0.0265625
0 0.47265625 0.33828125 0.02578125 0.0265625
0 0.31796875 0.44609375 0.03359375 0.040625
0 0.0625 0.55625 0.04140625 0.05
0 0.28671875 0.521875 0.01796875 0.0515625
0 0.4484375 0.25859375 0.0296875 0.0265625
0 0.4859375 0.24765625 0.03046875 0.0234375
0 0.48125 0.27109375 0.03046875 0.03359375
0 0.51328125 0.24296875 0.0265625 0.02265625
0 0.5171875 0.26328125 0.028125 0.02265625
0 0.54921875 0.25625 0.02890625 0.02265625
0 0.58046875 0.2421875 0.0265625 0.02109375
0 0.5484375 0.234375 0.021875 0.021875
0 0.5703125 0.22890625 0.0234375 0.01796875
0 0.603125 0.2171875 0.02890625 0.025
0 0.6296875 0.21171875 0.028125 0.01953125
0 0.6375 0.2265625 0.02109375 0.01875
0 0.6625 0.2171875 0.02265625 0.02109375
0 0.6875 0.2109375 0.02265625 0.01875
0 0.67578125 0.1984375 0.01796875 0.0171875
0 0.70703125 0.20390625 0.01953125 0.015625
0 0.7015625 0.18984375 0.01640625 0.01875
0 0.72109375 0.18359375 0.0171875 0.01796875
0 0.740625 0.1796875 0.01875 0.02109375
0 0.73125 0.2 0.0203125 0.01875
0 0.75 0.19375 0.0203125 0.01640625
0 0.76953125 0.18984375 0.0203125 0.015625
0 0.5234375 0.32265625 0.0203125 0.02109375
0 0.56171875 0.30703125 0.0171875 0.02265625
0 0.59765625 0.2890625 0.02578125 0.021875
0 0.6984375 0.25390625 0.02109375 0.01640625
0 0.72265625 0.24453125 0.0203125 0.0203125
0 0.75546875 0.26796875 0.0265625 0.01953125
0 0.78125 0.259375 0.01953125 0.01875
0 0.8296875 0.23828125 0.025 0.021875
0 0.85 0.23125 0.021875 0.0203125
0 0.86796875 0.22734375 0.0203125 0.01796875
0 0.8953125 0.24765625 0.0234375 0.01875
0 0.8453125 0.30703125 0.03359375 0.02890625
0 0.86796875 0.29453125 0.03359375 0.02421875
0 0.8921875 0.284375 0.03125 0.02890625
0 0.91484375 0.2734375 0.0296875 0.02421875
0 0.93671875 0.2609375 0.0296875 0.0265625
0 0.9578125 0.25390625 0.01796875 0.02265625
0 0.9734375 0.24296875 0.01875 0.0203125
0 0.98984375 0.23671875 0.01953125 0.015625
0 0.79296875 0.33125 0.0390625 0.03125
0 0.75625 0.34921875 0.03515625 0.02734375
0 0.6796875 0.38671875 0.03828125 0.034375
0 0.634375 0.41328125 0.0421875 0.040625
0 0.58203125 0.440625 0.04609375 0.0484375
0 0.51640625 0.47421875 0.04375 0.040625
0 0.49765625 0.3765625 0.0296875 0.02734375
0 0.54296875 0.35703125 0.02578125 0.02734375
0 0.58984375 0.3390625 0.02421875 0.0234375
0 0.66640625 0.3078125 0.0234375 0.02578125
0 0.534375 0.41328125 0.025 0.0328125
0 0.58125 0.384375 0.034375 0.0296875
0 0.66171875 0.3515625 0.0234375 0.02265625
0 0.73125 0.3203125 0.025 0.02265625
0 0.75703125 0.30390625 0.02109375 0.021875
0 0.78671875 0.29140625 0.02265625 0.0234375
0 0.81171875 0.2828125 0.025 0.0234375
0 0.728125 0.36796875 0.0296875 0.02265625
0 0.08359375 0.62578125 0.0671875 0.06171875
0 0.01484375 0.86640625 0.0296875 0.0984375
0 0.19921875 0.628125 0.06953125 0.0484375
0 0.30234375 0.58671875 0.04453125 0.0640625
0 0.26328125 0.7203125 0.0390625 0.07578125
0 0.2578125 0.92421875 0.1078125 0.1046875
0 0.38515625 0.82109375 0.06328125 0.11640625
0 0.38671875 0.54921875 0.0484375 0.02421875
0 0.3609375 0.64375 0.065625 0.06796875
0 0.45625 0.58828125 0.0484375 0.06484375
0 0.48828125 0.9296875 0.11796875 0.13671875
0 0.75390625 0.95078125 0.1109375 0.0984375
0 0.8140625 0.884375 0.1078125 0.115625
0 0.878125 0.79609375 0.09765625 0.1328125
0 0.9359375 0.7265625 0.08984375 0.090625
0 0.971875 0.66796875 0.03125 0.08125
0 0.5015625 0.7265625 0.08125 0.08359375
0 0.603125 0.81328125 0.10078125 0.11640625
0 0.6984375 0.73828125 0.075 0.09453125
0 0.75859375 0.6640625 0.06171875 0.09140625
0 0.81953125 0.615625 0.0609375 0.0890625
0 0.87421875 0.56171875 0.05859375 0.07109375
0 0.92890625 0.521875 0.053125 0.05234375
0 0.953125 0.48046875 0.05703125 0.04921875
0 0.97578125 0.4484375 0.0484375 0.034375
0 0.57734375 0.65546875 0.05859375 0.0640625
0 0.6625 0.60859375 0.07421875 0.06796875
0 0.7109375 0.56328125 0.0515625 0.06640625
0 0.75859375 0.5390625 0.04921875 0.053125
0 0.8015625 0.4953125 0.040625 0.04453125
0 0.8578125 0.46640625 0.03359375 0.03125
0 0.53671875 0.54765625 0.06015625 0.06875
0 0.6046875 0.503125 0.0515625 0.0703125
0 0.65859375 0.47421875 0.04296875 0.04609375
0 0.70625 0.45 0.03125 0.03203125
0 0.75078125 0.415625 0.04765625 0.0359375
0 0.78125 0.39921875 0.0359375 0.05078125
0 0.84453125 0.3578125 0.03984375 0.04296875
0 0.9 0.32734375 0.03046875 0.03046875
0 0.878125 0.43984375 0.0359375 0.0328125
0 0.9109375 0.41953125 0.03359375 0.0421875
0 0.94296875 0.39765625 0.03125 0.03828125
0 0.975 0.36953125 0.03515625 0.03125
0 0.990625 0.35078125 0.01875 0.04375