0 0.67421875 0.9703125 0.10234375 0.059375
0 0.7421875 0.9265625 0.10390625 0.11875
0 0.81875 0.8359375 0.08828125 0.12578125
0 0.88125 0.77109375 0.09140625 0.103125
0 0.9421875 0.68828125 0.07890625 0.140625
0 0.4140625 0.94140625 0.11875 0.1171875
0 0.54765625 0.83828125 0.09609375 0.125
0 0.6453125 0.7671875 0.078125 0.09921875
0 0.7125 0.69921875 0.059375 0.09140625
0 0.77734375 0.6484375 0.06015625 0.0796875
0 0.83671875 0.60625 0.06640625 0.05546875
0 0.3359375 0.821875 0.053125 0.1046875
0 0.453125 0.746875 0.0890625 0.090625
0 0.534375 0.678125 0.06015625 0.07578125
0 0.62109375 0.63515625 0.07734375 0.07578125
0 0.678125 0.59296875 0.04921875 0.06875
0 0.7265625 0.57265625 0.05546875 0.05390625
0 0.77421875 0.53125 0.0421875 0.0359375
0 0.06875 0.79375 0.09375 0.1015625
0 0.19921875 0.71640625 0.0765625 0.06953125
0 0.3234375 0.6515625 0.071875 0.06796875
0 0.4265625 0.603125 0.0484375 0.0578125
0 0.5078125 0.56328125 0.06015625 0.06640625
0 0.57890625 0.52578125 0.0546875 0.06640625
0 0.63671875 0.49921875 0.0484375 0.04921875
0 0.6828125 0.475 0.02734375 0.0328125
0 0.73203125 0.453125 0.04453125 0.040625
0 0.76875 0.43515625 0.03515625 0.05390625
0 0.8328125 0.39609375 0.03828125 0.034375
0 0.0359375 0.69453125 0.06640625 0.06015625
0 0.15859375 0.634375 0.06640625 0.07421875
0 0.25859375 0.5890625 0.05859375 0.0546875
0 0.04296875 0.61171875 0.07421875 0.0578125
0 0.14765625 0.559375 0.05859375 0.05078125
0 0.24296875 0.51953125 0.04140625 0.0390625
0 0.02734375 0.5390625 0.0453125 0.04609375
0 0.13125 0.5 0.0484375 0.04921875
0 0.22421875 0.471875 0.03359375 0.0390625
0 0.02578125 0.465625 0.0515625 0.046875
0 0.125 0.44375 0.04296875 0.03828125
0 0.21875 0.4140625 0.04609375 0.0453125
0 0.290625 0.39609375 0.03359375 0.034375
0 0.371875 0.42734375 0.03671875 0.028125
0 0.43046875 0.40625 0.03828125 0.03671875
0 0.4828125 0.38515625 0.03125 0.0296875
0 0.4390625 0.51328125 0.04921875 0.05390625
0 0.49609375 0.4890625 0.046875 0.0484375
0 0.5671875 0.4625 0.0421875 0.04921875
0 0.46171875 0.43828125 0.0453125 0.0453125
0 0.51875 0.4265625 0.03515625 0.03828125
0 0.57421875 0.40078125 0.03671875 0.03515625
0 0.615625 0.43515625 0.04609375 0.0421875
0 0.66953125 0.415625 0.0390625 0.04453125
0 0.03203125 0.38125 0.04609375 0.0390625
0 0.0890625 0.403125 0.03203125 0.03046875
0 0.0796875 0.33828125 0.03828125 0.03515625
0 0.11640625 0.36171875 0.04375 0.040625
0 0.1453125 0.32421875 0.04453125 0.0390625
0 0.18515625 0.34765625 0.046875 0.05078125
0 0.16796875 0.38828125 0.02890625 0.03125
0 0.23203125 0.3671875 0.0375 0.03515625
0 0.2078125 0.30703125 0.040625 0.03984375
0 0.25 0.32890625 0.04921875 0.046875
0 0.2921875 0.35234375 0.0296875 0.0296875
0 0.41875 0.3609375 0.0328125 0.03125
0 0.30625 0.31484375 0.040625 0.040625
0 0.3515625 0.31015625 0.0359375 0.03984375
0 0.40234375 0.30078125 0.040625 0.0328125
0 0.36484375 0.2828125 0.03828125 0.0296875
0 0.44609375 0.296875 0.03359375 0.028125
0 0.7828125 0.3671875 0.0390625 0.03125
0 0.74921875 0.38125 0.02890625 0.02734375