0 0.66015625 0.9 0.09140625 0.15703125
0 0.83125 0.82265625 0.1328125 0.18515625
0 0.37421875 0.81015625 0.11328125 0.14921875
0 0.19375 0.875 0.10546875 0.12109375
0 0.03671875 0.871875 0.0734375 0.11484375
0 0.08828125 0.703125 0.07734375 0.078125
0 0.228125 0.6875 0.07109375 0.12109375
0 0.3796875 0.62421875 0.08125 0.1046875
0 0.61484375 0.6625 0.1046875 0.1390625
0 0.75 0.6 0.11328125 0.140625
0 0.9359375 0.565625 0.12265625 0.1328125
0 0.0234375 0.58515625 0.046875 0.0796875
0 0.12890625 0.5859375 0.0640625 0.07890625
0 0.2546875 0.5578125 0.08671875 0.09921875
0 0.38984375 0.49375 0.0859375 0.0890625
0 0.5796875 0.52890625 0.06953125 0.0921875
0 0.70234375 0.4765625 0.09609375 0.10234375
0 0.875 0.4640625 0.0984375 0.0953125
0 0.96171875 0.41640625 0.0765625 0.0921875
0 0.55625 0.42265625 0.07421875 0.09296875
0 0.6609375 0.3765625 0.078125 0.078125
0 0.81796875 0.3734375 0.0984375 0.10078125
0 0.91171875 0.32890625 0.08515625 0.0921875
0 0.959375 0.23203125 0.06171875 0.07109375
0 0.90703125 0.1828125 0.053125 0.0765625
0 0.971875 0.15546875 0.04921875 0.06484375
0 0.8609375 0.271875 0.075 0.0640625
0 0.7734375 0.29765625 0.078125 0.07421875
0 0.74140625 0.24375 0.071875 0.05859375
0 0.81953125 0.2171875 0.0546875 0.06328125
0 0.71484375 0.20234375 0.0640625 0.071875
0 0.7859375 0.17578125 0.06171875 0.059375
0 0.85703125 0.13671875 0.05859375 0.05546875
0 0.91328125 0.11015625 0.0578125 0.05
0 0.68828125 0.16015625 0.05234375 0.05546875
0 0.66796875 0.12421875 0.03984375 0.04453125
0 0.64765625 0.096875 0.040625 0.05
0 0.63828125 0.06875 0.04140625 0.0390625
0 0.61484375 0.0453125 0.0359375 0.0359375
0 0.7546875 0.1359375 0.06484375 0.0375
0 0.7328125 0.1078125 0.05625 0.04140625
0 0.70625 0.08125 0.0453125 0.0296875
0 0.68984375 0.05078125 0.04921875 0.0359375
0 0.8296875 0.0984375 0.04921875 0.03984375
0 0.79140625 0.0765625 0.03984375 0.0453125
0 0.765625 0.0453125 0.04375 0.04296875
0 0.74296875 0.02734375 0.04375 0.03984375
0 0.7234375 0.0109375 0.046875 0.021875
0 0.87890625 0.07890625 0.05 0.0421875
0 0.846875 0.05390625 0.05078125 0.04140625
0 0.8171875 0.0296875 0.04375 0.0390625
0 0.7875 0.01328125 0.04375 0.0265625
0 0.63515625 0.3078125 0.06328125 0.059375
0 0.6109375 0.2453125 0.06953125 0.05546875
0 0.59921875 0.1890625 0.04609375 0.04375
0 0.56953125 0.1453125 0.053125 0.04140625
0 0.559375 0.1171875 0.03828125 0.03046875
0 0.98125 0.07578125 0.0375 0.0359375
0 0.93828125 0.05859375 0.0484375 0.040625
0 0.8984375 0.0375 0.04140625 0.0375
0 0.05546875 0.48828125 0.04921875 0.06796875
0 0.1609375 0.4703125 0.0703125 0.078125
0 0.2671875 0.4609375 0.07109375 0.08203125
0 0.39375 0.40390625 0.071875 0.08359375
0 0.28359375 0.371875 0.06640625 0.07265625
0 0.3015625 0.29765625 0.04453125 0.05234375
0 0.39375 0.328125 0.05390625 0.071875
0 0.39609375 0.27578125 0.0484375 0.04296875
0 0.5453125 0.34609375 0.05859375 0.05625
0 0.52890625 0.2984375 0.059375 0.05234375
0 0.09765625 0.3921875 0.053125 0.0484375