0 0.32109375 0.1515625 0.04453125 0.03359375
0 0.3640625 0.121875 0.04609375 0.03828125
0 0.40234375 0.09453125 0.02890625 0.03046875
0 0.4390625 0.06640625 0.03359375 0.03671875
0 0.47265625 0.04296875 0.03203125 0.03125
0 0.2203125 0.22734375 0.05 0.03828125
0 0.3734375 0.1734375 0.04765625 0.03984375
0 0.41484375 0.13203125 0.03828125 0.03984375
0 0.459375 0.09609375 0.0421875 0.03671875
0 0.4953125 0.0734375 0.04375 0.034375
0 0.52890625 0.04765625 0.03828125 0.03046875
0 0.56015625 0.03125 0.0390625 0.03046875
0 0.6359375 0.02265625 0.04296875 0.02734375
0 0.61171875 0.0484375 0.04609375 0.0328125
0 0.5359375 0.10078125 0.05234375 0.04140625
0 0.51328125 0.13359375 0.04375 0.04609375
0 0.478125 0.1703125 0.0546875 0.04609375
0 0.43671875 0.2078125 0.05546875 0.06015625
0 0.38359375 0.25078125 0.05859375 0.05390625
0 0.325 0.29453125 0.06171875 0.06015625
0 0.1921875 0.3140625 0.071875 0.06953125
0 0.253125 0.265625 0.0578125 0.05625
0 0.14921875 0.27265625 0.053125 0.0515625
0 0.58359375 0.0109375 0.034375 0.02109375
0 0.53203125 0.2125 0.0578125 0.06015625
0 0.56953125 0.1671875 0.0421875 0.053125
0 0.60859375 0.13125 0.04921875 0.053125
0 0.63203125 0.09765625 0.0515625 0.0453125
0 0.66796875 0.07578125 0.04140625 0.05234375
0 0.68828125 0.04453125 0.04453125 0.0453125
0 0.709375 0.0265625 0.04375 0.03828125
0 0.68203125 0.1671875 0.06640625 0.046875
0 0.709375 0.13828125 0.05703125 0.0375
0 0.73125 0.109375 0.06171875 0.04296875
0 0.75546875 0.08671875 0.04921875 0.0375
0 0.7703125 0.053125 0.053125 0.03984375
0 0.7859375 0.02890625 0.0484375 0.02890625
0 0.85625 0.04609375 0.04453125 0.03203125
0 0.83671875 0.0703125 0.04453125 0.0328125
0 0.825 0.10078125 0.0484375 0.0390625
0 0.8046875 0.128125 0.04375 0.03984375
0 0.78828125 0.165625 0.04921875 0.0515625
0 0.7609375 0.209375 0.07578125 0.071875
0 0.74296875 0.24765625 0.0515625 0.05625
0 0.8671875 0.3375 0.07265625 0.075
0 0.8921875 0.27109375 0.08828125 0.0640625
0 0.8921875 0.2109375 0.05390625 0.0390625
0 0.921875 0.16171875 0.0625 0.04765625
0 0.92421875 0.1265625 0.046875 0.03515625
0 0.928125 0.09296875 0.0265625 0.03671875
0 0.7359375 0.30234375 0.0390625 0.0671875
0 0.6828125 0.37578125 0.07734375 0.0859375
0 0.84453125 0.409375 0.08203125 0.075
0 0.97890625 0.40703125 0.0421875 0.0734375
0 0.97421875 0.4890625 0.0515625 0.1
0 0.96640625 0.62421875 0.0671875 0.1078125
0 0.94296875 0.7609375 0.1140625 0.175
0 0.71875 0.8078125 0.13671875 0.175
0 0.62890625 0.96171875 0.1046875 0.0765625
0 0.77265625 0.62421875 0.12421875 0.1453125
0 0.81484375 0.5046875 0.1 0.10390625
0 0.06875 0.33125 0.0625 0.0515625
0 0.25625 0.365625 0.08359375 0.0703125
0 0.3703125 0.37734375 0.06484375 0.08359375
0 0.4328125 0.309375 0.071875 0.0640625
0 0.47421875 0.44375 0.08203125 0.08203125
0 0.1171875 0.38203125 0.08125 0.08671875
0 0.1890625 0.43359375 0.0671875 0.0953125
0 0.09140625 0.51875 0.0875 0.0890625
0 0.025 0.45078125 0.04921875 0.06796875
0 0.19140625 0.571875 0.103125 0.14921875
0 0.29375 0.459375 0.09375 0.12109375
0 0.3984375 0.56328125 0.0890625 0.1046875
0 0.59140625 0.525 0.1078125 0.1125
0 0.51484375 0.65859375 0.06796875 0.1015625
0 0.30703125 0.6765625 0.07734375 0.09921875
0 0.196875 0.86484375 0.11875 0.1859375
0 0.35 0.946875 0.128125 0.10625
0 0.45078125 0.81328125 0.10234375 0.096875
0 0.6359375 0.446875 0.08359375 0.07265625