0 0.28203125 0.03828125 0.04453125 0.028125
0 0.36953125 0.059375 0.0265625 0.0296875
0 0.409375 0.06953125 0.03046875 0.03359375
0 0.44921875 0.07890625 0.03125 0.03203125
0 0.49921875 0.096875 0.04609375 0.03671875
0 0.55 0.1140625 0.04453125 0.03359375
0 0.60859375 0.12734375 0.03828125 0.0296875
0 0.66953125 0.14765625 0.05 0.04453125
0 0.7546875 0.1671875 0.053125 0.04140625
0 0.23046875 0.0546875 0.03828125 0.02734375
0 0.259375 0.0671875 0.03046875 0.02890625
0 0.28203125 0.08125 0.0328125 0.0328125
0 0.31875 0.0859375 0.040625 0.03046875
0 0.359375 0.0953125 0.0390625 0.0328125
0 0.40390625 0.10625 0.04140625 0.0375
0 0.45546875 0.128125 0.0328125 0.03515625
0 0.509375 0.14609375 0.04375 0.034375
0 0.56953125 0.17734375 0.0453125 0.03203125
0 0.65078125 0.190625 0.078125 0.05078125
0 0.7265625 0.2171875 0.0703125 0.0578125
0 0.13203125 0.071875 0.03359375 0.0296875
0 0.15703125 0.0828125 0.03671875 0.03984375
0 0.18515625 0.09609375 0.03046875 0.03671875
0 0.21328125 0.1 0.0359375 0.04453125
0 0.2375 0.11484375 0.0375 0.0359375
0 0.365625 0.16015625 0.04296875 0.05234375
0 0.41015625 0.1828125 0.05234375 0.05078125
0 0.3171875 0.13984375 0.04921875 0.0453125
0 0.275 0.128125 0.04296875 0.0484375
0 0.4625 0.20234375 0.05390625 0.05859375
0 0.52109375 0.221875 0.059375 0.05234375
0 0.59609375 0.24765625 0.0609375 0.0578125
0 0.371875 0.23984375 0.05546875 0.06328125
0 0.32265625 0.21328125 0.0453125 0.05234375
0 0.2703125 0.1890625 0.05 0.04765625
0 0.23828125 0.16640625 0.04609375 0.04296875
0 0.2015625 0.159375 0.03984375 0.05234375
0 0.16953125 0.13671875 0.03828125 0.04453125
0 0.13828125 0.12734375 0.0328125 0.046875
0 0.06875 0.159375 0.034375 0.04375
0 0.0953125 0.17265625 0.04609375 0.03984375
0 0.11875 0.1984375 0.04609375 0.04765625
0 0.1515625 0.209375 0.04609375 0.04609375
0 0.18359375 0.23359375 0.05546875 0.040625
0 0.21328125 0.25625 0.06015625 0.06015625
0 0.2578125 0.2828125 0.05625 0.0578125
0 0.3046875 0.31640625 0.0640625 0.0578125
0 0.01796875 0.11875 0.0359375 0.04375
0 0.115625 0.11484375 0.0453125 0.0390625
0 0.0828125 0.0921875 0.04140625 0.04453125
0 0.01484375 0.19140625 0.0296875 0.0421875
0 0.0421875 0.2171875 0.04609375 0.05859375
0 0.0609375 0.23984375 0.0421875 0.06171875
0 0.0875 0.2609375 0.0390625 0.05546875
0 0.11796875 0.28671875 0.04765625 0.065625
0 0.15859375 0.31328125 0.06953125 0.06953125
0 0.1953125 0.340625 0.06015625 0.0671875
0 0.23359375 0.378125 0.0671875 0.07421875
0 0.2921875 0.43671875 0.08671875 0.10078125
0 0.01015625 0.3171875 0.0203125 0.053125
0 0.03515625 0.36015625 0.05078125 0.0390625
0 0.05625 0.41484375 0.071875 0.06875
0 0.09921875 0.4703125 0.06796875 0.07421875
0 0.1453125 0.5328125 0.0796875 0.08671875
0 0.04375 0.66171875 0.0578125 0.11875
0 0.01953125 0.57109375 0.03828125 0.071875
0 0.0890625 0.7828125 0.06953125 0.11015625
0 0.20703125 0.60859375 0.09453125 0.10703125
0 0.28515625 0.7140625 0.11171875 0.1453125
0 0.39375 0.86875 0.128125 0.21171875
0 0.546875 0.96640625 0.103125 0.0671875
0 0.3609375 0.49375 0.0765625 0.090625
0 0.42578125 0.553125 0.0890625 0.11875
0 0.5421875 0.65546875 0.06953125 0.11640625
0 0.64453125 0.7671875 0.09453125 0.11640625
0 0.815625 0.88125 0.14375 0.16328125
0 0.90625 0.71640625 0.14609375 0.13046875
0 0.746875 0.5984375 0.0796875 0.0890625
0 0.6171875 0.52265625 0.09140625 0.109375
0 0.50078125 0.4453125 0.09609375 0.0859375
0 0.425 0.39609375 0.07890625 0.08203125
0 0.36171875 0.35234375 0.0640625 0.08125
0 0.5 0.30078125 0.07109375 0.08203125
0 0.58046875 0.33828125 0.075 0.08671875
0 0.678125 0.3640625 0.090625 0.0625
0 0.6859375 0.2890625 0.0890625 0.07109375
0 0.7703125 0.32578125 0.078125 0.0859375
0 0.9015625 0.3734375 0.084375 0.0859375
0 0.96328125 0.28515625 0.0390625 0.05859375