0 0.3609375 0.95390625 0.10546875 0.0921875
0 0.6390625 0.8890625 0.14453125 0.221875
0 0.746875 0.715625 0.11484375 0.18125
0 0.228125 0.8390625 0.13671875 0.2078125
0 0.13046875 0.671875 0.13203125 0.1453125
0 0.06484375 0.55625 0.11875 0.11796875
0 0.02890625 0.46875 0.0578125 0.09375
0 0.49609375 0.73203125 0.09375 0.1328125
0 0.41015625 0.6203125 0.0796875 0.1078125
0 0.6109375 0.5734375 0.0828125 0.084375
0 0.97578125 0.6328125 0.0484375 0.125
0 0.70234375 0.42734375 0.10546875 0.14140625
0 0.91484375 0.4171875 0.1 0.0890625
0 0.94765625 0.3265625 0.08359375 0.08359375
0 0.79140625 0.35 0.07890625 0.09140625
0 0.84140625 0.26875 0.071875 0.07734375
0 0.87734375 0.1984375 0.0828125 0.08125
0 0.965625 0.2296875 0.06171875 0.0625
0 0.30078125 0.50625 0.09375 0.12578125
0 0.24296875 0.440625 0.0875 0.10078125
0 0.1828125 0.3765625 0.1046875 0.1015625
0 0.1265625 0.3171875 0.08046875 0.08828125
0 0.0875 0.259375 0.0703125 0.08203125
0 0.05390625 0.234375 0.0671875 0.0875
0 0.49921875 0.4859375 0.1015625 0.121875
0 0.58359375 0.3515625 0.08828125 0.103125
0 0.678125 0.29609375 0.08046875 0.08984375
0 0.7328125 0.2296875 0.0875 0.07890625
0 0.7625 0.15546875 0.0640625 0.0546875
0 0.39765625 0.3921875 0.1046875 0.08984375
0 0.49375 0.29375 0.07421875 0.09140625
0 0.60390625 0.24921875 0.0875 0.07734375
0 0.65 0.18359375 0.07421875 0.071875
0 0.6875 0.1359375 0.0515625 0.05
0 0.3265625 0.3375 0.08046875 0.08203125
0 0.41796875 0.25 0.07890625 0.0859375
0 0.51953125 0.2 0.06640625 0.0640625
0 0.5796875 0.1484375 0.0671875 0.059375
0 0.265625 0.2859375 0.08046875 0.0640625
0 0.29609375 0.1640625 0.05859375 0.0625
0 0.390625 0.13984375 0.06015625 0.06640625
0 0.4515625 0.17265625 0.06484375 0.06875
0 0.34296875 0.11171875 0.0625 0.06015625
0 0.21640625 0.24609375 0.07109375 0.0640625
0 0.16953125 0.209375 0.0734375 0.06875
0 0.12890625 0.16796875 0.06640625 0.0546875
0 0.0921875 0.1484375 0.07578125 0.03984375
0 0.06171875 0.12265625 0.06875 0.04296875
0 0.03828125 0.10625 0.06171875 0.03671875
0 0.2484375 0.14140625 0.05234375 0.04921875
0 0.19296875 0.10703125 0.059375 0.0546875
0 0.30234375 0.0875 0.04609375 0.05
0 0.45078125 0.08984375 0.05078125 0.04296875
0 0.4984375 0.059375 0.0484375 0.03671875
0 0.44921875 0.0328125 0.040625 0.0421875
0 0.3953125 0.05625 0.04140625 0.04765625
0 0.34453125 0.0359375 0.05234375 0.04375
0 0.25 0.0640625 0.06328125 0.0578125