0 0.2015625 0.82890625 0.1484375 0.24765625
0 0.4875 0.815625 0.12265625 0.225
0 0.7421875 0.74375 0.1046875 0.15390625
0 0.78515625 0.521875 0.11171875 0.1609375
0 0.81484375 0.390625 0.0734375 0.10234375
0 0.8265625 0.2609375 0.0640625 0.10703125
0 0.628125 0.403125 0.11875 0.14609375
0 0.57265625 0.5734375 0.11484375 0.14296875
0 0.309375 0.61171875 0.115625 0.12578125
0 0.159375 0.4953125 0.078125 0.10625
0 0.0453125 0.39609375 0.090625 0.1546875
0 0.25625 0.378125 0.09765625 0.1265625
0 0.37578125 0.459375 0.09609375 0.08828125
0 0.45703125 0.31875 0.0984375 0.115625
0 0.67734375 0.28828125 0.1 0.1125
0 0.50625 0.2421875 0.0890625 0.10078125
0 0.3578125 0.24453125 0.10390625 0.10078125
0 0.15078125 0.2703125 0.11015625 0.14375
0 0.040625 0.2640625 0.0796875 0.0875
0 0.125 0.16015625 0.07578125 0.07578125
0 0.23984375 0.18046875 0.07734375 0.1109375
0 0.30546875 0.10546875 0.08515625 0.0859375
0 0.4140625 0.16796875 0.0828125 0.08359375
0 0.19453125 0.0875 0.075 0.06640625
0 0.1171875 0.0625 0.08359375 0.0578125
0 0.05 0.6984375 0.09921875 0.203125
0 0.55234375 0.1578125 0.08515625 0.10390625
0 0.26328125 0.04765625 0.059375 0.04765625
0 0.59375 0.0890625 0.08046875 0.08046875
0 0.71328125 0.1953125 0.08671875 0.08359375
0 0.73984375 0.12265625 0.0734375 0.05859375
0 0.76484375 0.0546875 0.0796875 0.0640625
0 0.8703125 0.06875 0.05234375 0.05234375
0 0.8609375 0.13046875 0.07109375 0.06328125
0 0.8421875 0.1828125 0.05546875 0.06484375
0 0.64453125 0.9453125 0.08671875 0.10859375
0 0.6171875 0.0375 0.06171875 0.06328125
0 0.646875 0.01796875 0.059375 0.0359375