0 0.38125 0.796875 0.1203125 0.22734375
0 0.49296875 0.95859375 0.146875 0.0828125
0 0.65390625 0.80390625 0.12109375 0.1484375
0 0.75625 0.61640625 0.1078125 0.17578125
0 0.5375 0.60859375 0.13203125 0.18203125
0 0.0953125 0.703125 0.165625 0.24140625
0 0.65703125 0.45703125 0.11796875 0.1328125
0 0.74140625 0.3578125 0.0953125 0.1078125
0 0.8390625 0.5125 0.084375 0.0953125
0 0.8984375 0.396875 0.08359375 0.11953125
0 0.28828125 0.5328125 0.11328125 0.11015625
0 0.39453125 0.42109375 0.0796875 0.0703125
0 0.52109375 0.31484375 0.1 0.125
0 0.5953125 0.25703125 0.09921875 0.09765625
0 0.665625 0.19765625 0.078125 0.09609375
0 0.72578125 0.15390625 0.07265625 0.07109375
0 0.8046875 0.28515625 0.07421875 0.08671875
0 0.85078125 0.22578125 0.0625 0.0796875
0 0.89921875 0.16171875 0.06875 0.053125
0 0.9328125 0.11484375 0.0609375 0.0515625
0 0.325 0.29453125 0.09296875 0.10859375
0 0.446875 0.20859375 0.09921875 0.08125
0 0.53203125 0.159375 0.078125 0.078125
0 0.60390625 0.1140625 0.06953125 0.08046875
0 0.6609375 0.07734375 0.065625 0.05625
0 0.709375 0.05390625 0.0515625 0.04453125
0 0.76953125 0.11484375 0.065625 0.053125
0 0.10390625 0.22265625 0.12734375 0.1125
0 0.25 0.16328125 0.11328125 0.1140625
0 0.36171875 0.10390625 0.0859375 0.0921875
0 0.45546875 0.0625 0.06875 0.0828125
0 0.15078125 0.0953125 0.084375 0.09140625
0 0.24921875 0.0578125 0.09921875 0.0734375
0 0.3484375 0.01875 0.071875 0.0375
0 0.1171875 0.02578125 0.05078125 0.05078125