0 0.3 0.9328125 0.146875 0.12109375
0 0.49765625 0.81171875 0.12109375 0.20390625
0 0.23984375 0.721875 0.10859375 0.15546875
0 0.77578125 0.865625 0.1578125 0.25234375
0 0.9375 0.72890625 0.09453125 0.2046875
0 0.6890625 0.59375 0.11171875 0.0875
0 0.428125 0.590625 0.1265625 0.165625
0 0.21796875 0.5 0.1140625 0.15
0 0.19296875 0.3671875 0.07734375 0.1046875
0 0.1765625 0.2453125 0.08125 0.10078125
0 0.171875 0.16328125 0.07578125 0.071875
0 0.16875 0.10703125 0.075 0.05859375
0 0.15859375 0.0453125 0.0515625 0.059375
0 0.26796875 0.0359375 0.0796875 0.0625
0 0.2890625 0.10546875 0.06875 0.0609375
0 0.31015625 0.17890625 0.08671875 0.0734375
0 0.3765625 0.41484375 0.125 0.10859375
0 0.63203125 0.4671875 0.084375 0.0953125
0 0.83671875 0.51875 0.08515625 0.1046875
0 0.9578125 0.44765625 0.084375 0.1234375
0 0.7546875 0.3875 0.09375 0.109375
0 0.55703125 0.328125 0.10390625 0.11953125
0 0.4125 0.0265625 0.078125 0.053125
0 0.43515625 0.08125 0.07734375 0.078125
0 0.6625 0.25390625 0.1109375 0.09375
0 0.609375 0.17265625 0.08671875 0.08046875
0 0.5640625 0.10234375 0.07109375 0.0671875
0 0.525 0.0453125 0.071875 0.05234375
0 0.7203125 0.11484375 0.08125 0.07421875
0 0.7828125 0.19375 0.0796875 0.09375
0 0.9125 0.19140625 0.09609375 0.07109375
0 0.83515625 0.11015625 0.0671875 0.071875
0 0.97109375 0.14140625 0.0578125 0.0796875
0 0.9125 0.0875 0.08125 0.0546875
0 0.77109375 0.0609375 0.065625 0.0515625
0 0.84375 0.2875 0.0703125 0.121875
0 0.4984375 0.0140625 0.05390625 0.028125