0 0.065625 0.053125 0.05546875 0.06796875
0 0.15703125 0.0203125 0.0640625 0.040625
0 0.14609375 0.1078125 0.0703125 0.084375
0 0.13046875 0.23515625 0.06953125 0.084375
0 0.25390625 0.30546875 0.0765625 0.12265625
0 0.25859375 0.17578125 0.0953125 0.1171875
0 0.25390625 0.06875 0.0796875 0.09140625
0 0.3875 0.06953125 0.0765625 0.1
0 0.396875 0.2046875 0.084375 0.09765625
0 0.42109375 0.3828125 0.09375 0.1375
0 0.040625 0.1625 0.05078125 0.0765625
0 0.02109375 0.2703125 0.0421875 0.0875
0 0.12265625 0.353125 0.08203125 0.08203125
0 0.08203125 0.528125 0.0890625 0.1140625
0 0.25390625 0.48671875 0.10546875 0.1234375
0 0.41875 0.3875 0.1078125 0.13515625
0 0.453125 0.61796875 0.14296875 0.16171875
0 0.2578125 0.7421875 0.1234375 0.175
0 0.06640625 0.778125 0.11640625 0.16484375
0 0.496875 0.89296875 0.14375 0.2140625
0 0.9171875 0.94609375 0.165625 0.1046875
0 0.8 0.64453125 0.18359375 0.25
0 0.70625 0.38515625 0.1125 0.16171875
0 0.65 0.18359375 0.10234375 0.16015625
0 0.58984375 0.05234375 0.0671875 0.10078125
0 0.784375 0.075 0.1265625 0.13515625
0 0.87421875 0.26875 0.140625 0.1765625
0 0.9671875 0.49140625 0.06484375 0.2140625