0 0.0796875 0.91171875 0.10859375 0.1765625
0 0.46015625 0.8953125 0.2015625 0.209375
0 0.2390625 0.66015625 0.14296875 0.2765625
0 0.57265625 0.615625 0.13203125 0.184375
0 0.93671875 0.759375 0.1265625 0.240625
0 0.95625 0.48828125 0.0875 0.16875
0 0.94921875 0.29296875 0.08203125 0.1484375
0 0.9453125 0.15625 0.06015625 0.103125
0 0.64453125 0.33984375 0.1109375 0.1625
0 0.384375 0.38359375 0.13515625 0.2
0 0.16953125 0.1859375 0.0984375 0.09921875
0 0.30078125 0.05 0.1390625 0.09609375
0 0.48515625 0.18515625 0.1359375 0.17421875
0 0.5578125 0.053125 0.11875 0.10625
0 0.75 0.078125 0.09375 0.1515625
0 0.71328125 0.21640625 0.07578125 0.1109375
0 0.07421875 0.3703125 0.11875 0.11640625