0 0.8625 0.8734375 0.13125 0.253125
0 0.328125 0.8796875 0.1796875 0.2359375
0 0.5328125 0.6203125 0.134375 0.17890625
0 0.9421875 0.62265625 0.0921875 0.17734375
0 0.98046875 0.43828125 0.0390625 0.1203125
0 0.21875 0.5359375 0.1421875 0.20703125
0 0.01484375 0.75703125 0.0296875 0.1671875
0 0.4265625 0.3609375 0.14375 0.23125
0 0.68515625 0.4125 0.11484375 0.19375
0 0.7875 0.2875 0.06875 0.1265625
0 0.859375 0.1640625 0.0796875 0.1328125
0 0.91875 0.09375 0.07734375 0.0703125
0 0.5796875 0.20078125 0.11875 0.165625
0 0.68671875 0.0890625 0.1109375 0.13203125
0 0.44609375 0.0375 0.1296875 0.075
0 0.28046875 0.1046875 0.090625 0.1359375
0 0.12421875 0.2296875 0.13984375 0.15234375