0 0.525 0.89453125 0.215625 0.2109375
0 0.90390625 0.9140625 0.1078125 0.171875
0 0.753125 0.6609375 0.1359375 0.27578125
0 0.425 0.61796875 0.11328125 0.1734375
0 0.05234375 0.76875 0.1046875 0.2078125
0 0.04609375 0.45703125 0.0921875 0.1515625
0 0.0609375 0.2671875 0.078125 0.1390625
0 0.35703125 0.35625 0.1296875 0.2
0 0.6203125 0.3890625 0.16015625 0.19375
0 0.94140625 0.3625 0.1171875 0.153125
0 0.84921875 0.19921875 0.0875 0.121875
0 0.74609375 0.0625 0.06796875 0.08515625
0 0.52265625 0.19140625 0.13671875 0.1703125
0 0.45859375 0.0578125 0.11015625 0.11171875
0 0.2703125 0.0734375 0.09296875 0.13359375
0 0.3078125 0.21484375 0.084375 0.1234375