0 0.3828125 0.91953125 0.159375 0.1609375
0 0.64453125 0.89765625 0.17109375 0.2046875
0 0.8359375 0.871875 0.1328125 0.24140625
0 0.15859375 0.54609375 0.1578125 0.175
0 0.36484375 0.5 0.08828125 0.1609375
0 0.57890625 0.49921875 0.12109375 0.20703125
0 0.7171875 0.4984375 0.1125 0.19453125
0 0.85703125 0.49296875 0.12734375 0.2046875
0 0.959375 0.47578125 0.08125 0.1796875
0 0.18203125 0.23203125 0.0796875 0.11796875
0 0.4046875 0.2234375 0.0703125 0.1625
0 0.56875 0.25546875 0.11875 0.178125
0 0.70625 0.26171875 0.10078125 0.1234375
0 0.83203125 0.27734375 0.090625 0.15
0 0.92109375 0.284375 0.0875 0.1234375
0 0.209375 0.0234375 0.1375 0.046875
0 0.390625 0.034375 0.140625 0.06875
0 0.5484375 0.0453125 0.11484375 0.08984375
0 0.68125 0.075 0.10234375 0.1109375
0 0.87890625 0.1140625 0.0796875 0.10546875
0 0.9625 0.1234375 0.06484375 0.0828125
0 0.98203125 0.28828125 0.0359375 0.1078125