0 0.92734375 0.7390625 0.1453125 0.215625
0 0.77421875 0.85859375 0.178125 0.253125
0 0.540625 0.9296875 0.175 0.140625
0 0.18984375 0.64453125 0.16171875 0.1546875
0 0.3734375 0.56875 0.1171875 0.17265625
0 0.5671875 0.471875 0.13046875 0.19765625
0 0.7015625 0.37421875 0.11796875 0.0703125
0 0.8234375 0.38046875 0.15703125 0.1765625
0 0.9296875 0.334375 0.11015625 0.17421875
0 0.10390625 0.346875 0.11015625 0.13984375
0 0.29765625 0.28359375 0.15390625 0.15078125
0 0.4875 0.2453125 0.14140625 0.14296875
0 0.61953125 0.20625 0.1265625 0.11328125
0 0.73828125 0.1875 0.11640625 0.13046875
0 0.83046875 0.1546875 0.11171875 0.09140625
0 0.90859375 0.1359375 0.078125 0.0984375
0 0.06484375 0.10703125 0.12890625 0.12421875
0 0.23828125 0.078125 0.14296875 0.10234375
0 0.3984375 0.053125 0.11328125 0.09765625
0 0.5328125 0.04296875 0.103125 0.0859375