0 0.3734375 0.9234375 0.15390625 0.15078125
0 0.6328125 0.89765625 0.16875 0.2046875
0 0.8265625 0.8953125 0.14609375 0.209375
0 0.1578125 0.534375 0.16328125 0.19375
0 0.36328125 0.51015625 0.08515625 0.18203125
0 0.57734375 0.50625 0.1234375 0.2125
0 0.72109375 0.496875 0.115625 0.18984375
0 0.86015625 0.49765625 0.1234375 0.20234375
0 0.95859375 0.4828125 0.0828125 0.1875
0 0.18125 0.22265625 0.1125 0.14609375
0 0.37265625 0.2203125 0.1484375 0.1625
0 0.578125 0.259375 0.11875 0.159375
0 0.715625 0.2671875 0.1046875 0.13125
0 0.834375 0.28203125 0.0921875 0.14765625
0 0.928125 0.29375 0.08359375 0.1203125
0 0.9828125 0.2984375 0.034375 0.103125
0 0.88828125 0.11953125 0.07890625 0.1
0 0.965625 0.13203125 0.06875 0.0875
0 0.69140625 0.07734375 0.09375 0.1046875
0 0.56015625 0.05 0.1109375 0.1
0 0.2046875 0.01953125 0.1125 0.0390625
0 0.4 0.0375 0.140625 0.075