0 0.94140625 0.7515625 0.1171875 0.271875
0 0.72734375 0.83046875 0.22734375 0.3390625
0 0.3859375 0.85546875 0.240625 0.2890625
0 0.05625 0.88359375 0.1125 0.1921875
0 0.14140625 0.3453125 0.184375 0.2265625
0 0.37421875 0.3109375 0.11015625 0.21640625
0 0.6328125 0.303125 0.17265625 0.2671875
0 0.82421875 0.30625 0.14375 0.2203125
0 0.95625 0.28203125 0.0875 0.1796875
0 0.6296875 0.0515625 0.11640625 0.10234375
0 0.3765625 0.0359375 0.16015625 0.07109375
0 0.80859375 0.03125 0.13046875 0.0578125
0 0.9515625 0.05703125 0.09609375 0.1