0 0.34296875 0.9109375 0.1796875 0.178125
0 0.046875 0.89296875 0.09375 0.2140625
0 0.2234375 0.70625 0.16640625 0.17265625
0 0.59296875 0.6734375 0.11015625 0.12578125
0 0.471875 0.49609375 0.06796875 0.1125
0 0.7 0.521875 0.134375 0.1546875
0 0.8609375 0.6828125 0.10546875 0.14375
0 0.94609375 0.4890625 0.1078125 0.19375
0 0.80234375 0.33984375 0.1296875 0.16015625
0 0.559375 0.35 0.121875 0.12578125
0 0.67265625 0.23125 0.10703125 0.128125
0 0.80625 0.19609375 0.11328125 0.1
0 0.91015625 0.28125 0.10078125 0.1234375
0 0.5703125 0.1484375 0.0890625 0.103125
0 0.69921875 0.109375 0.0828125 0.07890625
0 0.86484375 0.1109375 0.09375 0.0859375
0 0.96640625 0.18671875 0.0671875 0.1
0 0.7078125 0.8953125 0.1390625 0.209375
0 0.609375 0.0515625 0.0671875 0.0765625
0 0.771875 0.05078125 0.08359375 0.07890625
0 0.9015625 0.05625 0.06875 0.0671875
0 0.98046875 0.09765625 0.0390625 0.0609375
0 0.53203125 0.0171875 0.0828125 0.034375