0 0.86875 0.87265625 0.16796875 0.1453125
0 0.8984375 0.63671875 0.11640625 0.15546875
0 0.54921875 0.940625 0.1234375 0.11640625
0 0.58203125 0.75 0.09765625 0.10390625
0 0.6234375 0.55546875 0.08828125 0.1
0 0.3515625 0.8640625 0.10546875 0.15
0 0.425 0.6625 0.10859375 0.1453125
0 0.48984375 0.47421875 0.11015625 0.11640625
0 0.1765625 0.75 0.12265625 0.2234375
0 0.275 0.55078125 0.10546875 0.17734375
0 0.34921875 0.41328125 0.07421875 0.11640625
0 0.40234375 0.3046875 0.090625 0.08359375
0 0.05546875 0.725 0.075 0.19609375
0 0.1453125 0.54296875 0.08828125 0.1296875
0 0.215625 0.4328125 0.096875 0.10234375
0 0.2796875 0.31328125 0.071875 0.08125
0 0.33984375 0.24453125 0.07421875 0.0765625
0 0.38359375 0.17109375 0.0453125 0.08203125
0 0.05 0.49296875 0.09375 0.1265625
0 0.12578125 0.378125 0.0765625 0.09296875
0 0.19609375 0.296875 0.08359375 0.0765625
0 0.30703125 0.14453125 0.05234375 0.05234375
0 0.0703125 0.3390625 0.065625 0.06328125
0 0.14140625 0.25390625 0.0609375 0.05859375
0 0.24921875 0.1328125 0.0546875 0.046875
0 0.28984375 0.0890625 0.05234375 0.05078125
0 0.35390625 0.09296875 0.04140625 0.0546875