0 0.18671875 0.91171875 0.17578125 0.15
0 0.1484375 0.6921875 0.1484375 0.16875
0 0.45625 0.76328125 0.0953125 0.11875
0 0.521875 0.96171875 0.134375 0.0765625
0 0.71015625 0.834375 0.1046875 0.1578125
0 0.6015625 0.65390625 0.121875 0.14765625
0 0.50703125 0.46875 0.09921875 0.1171875
0 0.38359375 0.56875 0.0875 0.11640625
0 0.85703125 0.69375 0.1328125 0.2046875
0 0.9671875 0.6578125 0.06484375 0.18828125
0 0.73203125 0.5140625 0.109375 0.1578125
0 0.6390625 0.39140625 0.08046875 0.115625
0 0.56796875 0.29765625 0.0859375 0.08359375
0 0.6953125 0.29375 0.08125 0.06484375
0 0.77421875 0.3890625 0.10234375 0.1
0 0.85625 0.49453125 0.09921875 0.13515625
0 0.94921875 0.43359375 0.09453125 0.128125
0 0.8484375 0.32265625 0.0796875 0.0875
0 0.775 0.253125 0.0890625 0.07421875
0 0.9078125 0.27890625 0.0703125 0.06640625
0 0.97734375 0.3421875 0.0453125 0.0765625
0 0.56875 0.159375 0.0421875 0.0703125
0 0.8203125 0.20703125 0.0640625 0.059375
0 0.5515625 0.0265625 0.04140625 0.04375
0 0.5953125 0.07421875 0.04140625 0.05078125
0 0.65390625 0.06640625 0.04296875 0.04609375
0 0.60546875 0.0234375 0.0375 0.04296875
0 0.70078125 0.10234375 0.053125 0.046875
0 0.640625 0.1125 0.05078125 0.025
0 0.759375 0.14765625 0.04140625 0.0484375
0 0.7890625 0.1046875 0.04375 0.0421875
0 0.93828125 0.221875 0.04140625 0.04140625
0 0.93984375 0.1546875 0.03359375 0.040625
0 0.934375 0.090625 0.028125 0.0421875
0 0.88671875 0.05703125 0.03671875 0.04296875
0 0.8671875 0.10546875 0.0359375 0.0359375
0 0.79765625 0.05546875 0.03125 0.028125
0 0.8359375 0.03359375 0.03359375 0.02734375
0 0.98671875 0.13203125 0.0265625 0.0359375
0 0.7265625 0.05703125 0.0296875 0.040625
0 0.67578125 0.0234375 0.0375 0.02578125