0 0.0703125 0.7671875 0.13984375 0.19609375
0 0.33671875 0.95 0.0703125 0.0796875
0 0.50703125 0.90703125 0.11875 0.178125
0 0.74765625 0.975 0.1015625 0.05
0 0.6734375 0.8203125 0.115625 0.1859375
0 0.825 0.85546875 0.08671875 0.11953125
0 0.92578125 0.78359375 0.06640625 0.1
0 0.7359375 0.6703125 0.04609375 0.0578125
0 0.8703125 0.6484375 0.07734375 0.1015625
0 0.94609375 0.61953125 0.0640625 0.08046875
0 0.6265625 0.646875 0.07578125 0.125
0 0.46796875 0.68515625 0.09375 0.1390625
0 0.30625 0.740625 0.12265625 0.13359375
0 0.11015625 0.59375 0.12578125 0.12265625
0 0.290625 0.6015625 0.0703125 0.1
0 0.44765625 0.55234375 0.08203125 0.09609375
0 0.5859375 0.5234375 0.08828125 0.0890625
0 0.71484375 0.55625 0.06484375 0.08046875
0 0.81171875 0.55234375 0.07734375 0.09609375
0 0.875 0.51640625 0.0625 0.059375
0 0.66875 0.46796875 0.065625 0.0859375
0 0.74921875 0.453125 0.05234375 0.0515625
0 0.8265625 0.43125 0.04375 0.05390625
0 0.87578125 0.3953125 0.040625 0.04296875
0 0.78046875 0.3703125 0.053125 0.04375
0 0.71640625 0.375 0.05 0.05078125
0 0.62890625 0.3921875 0.06171875 0.06953125
0 0.6015625 0.33046875 0.0546875 0.05859375
0 0.6828125 0.31015625 0.0421875 0.059375
0 0.74375 0.3171875 0.0484375 0.053125
0 0.715625 0.26328125 0.03046875 0.04140625
0 0.6515625 0.25234375 0.04453125 0.05078125
0 0.53515625 0.3546875 0.04609375 0.06953125
0 0.4328125 0.4578125 0.07109375 0.07421875
0 0.62109375 0.209375 0.03828125 0.04375
0 0.68515625 0.2234375 0.03671875 0.0390625
0 0.6625 0.184375 0.0265625 0.0390625