0 0.93515625 0.75625 0.1296875 0.1875
0 0.903125 0.58359375 0.12890625 0.12265625
0 0.69765625 0.60625 0.1078125 0.08984375
0 0.68515625 0.7296875 0.0890625 0.13515625
0 0.9359375 0.7578125 0.128125 0.18125
0 0.5015625 0.9109375 0.11015625 0.17109375
0 0.2640625 0.9765625 0.10625 0.046875
0 0.184375 0.84453125 0.08984375 0.15625
0 0.33203125 0.82578125 0.11484375 0.1890625
0 0.53828125 0.68203125 0.11015625 0.134375
0 0.55390625 0.5578125 0.08671875 0.08203125
0 0.3796875 0.64921875 0.071875 0.12578125
0 0.4171875 0.5265625 0.09375 0.08828125
0 0.23984375 0.70546875 0.10390625 0.11640625
0 0.084375 0.78515625 0.06484375 0.10859375
0 0.134375 0.66015625 0.0828125 0.11484375
0 0.290625 0.5640625 0.07421875 0.09375
0 0.328125 0.46953125 0.05859375 0.08515625
0 0.37109375 0.39765625 0.0625 0.07890625
0 0.1890625 0.55390625 0.07578125 0.09296875
0 0.05859375 0.62734375 0.05546875 0.0765625
0 0.1265625 0.52734375 0.0609375 0.0671875
0 0.253125 0.45703125 0.04765625 0.0453125
0 0.17265625 0.440625 0.04765625 0.04140625
0 0.1265625 0.4046875 0.04453125 0.0375
0 0.21953125 0.3765625 0.05234375 0.05703125
0 0.28515625 0.37890625 0.0578125 0.0546875
0 0.31640625 0.3171875 0.04453125 0.05390625
0 0.39765625 0.33203125 0.06015625 0.065625
0 0.2546875 0.3234375 0.04375 0.0515625
0 0.2859375 0.26640625 0.03515625 0.04296875
0 0.309375 0.22734375 0.03671875 0.0453125
0 0.35 0.25625 0.05 0.04765625
0 0.33515625 0.1875 0.02734375 0.03828125
0 0.37109375 0.215625 0.03515625 0.046875