3 0.925 0.5625 0.15 0.2515625
3 0.48984375 0.5671875 0.1890625 0.2515625
3 0.3265625 0.628125 0.159375 0.203125
3 0.73515625 0.6484375 0.17265625 0.2828125
3 0.59921875 0.80625 0.18203125 0.2671875
3 0.32734375 0.85859375 0.196875 0.2828125
3 0.8015625 0.86796875 0.1796875 0.2640625
3 0.22890625 0.09296875 0.1890625 0.1859375
3 0.8546875 0.09765625 0.14921875 0.1890625
3 0.4125 0.1046875 0.19375 0.20859375
3 0.7203125 0.18203125 0.14765625 0.2015625
3 0.44921875 0.3109375 0.165625 0.25
3 0.15703125 0.34296875 0.17578125 0.22578125
3 0.63828125 0.45390625 0.146875 0.25