3 0.5734375 0.5359375 0.1390625 0.209375
3 0.1328125 0.7921875 0.14375 0.2125
3 0.80546875 0.80234375 0.1390625 0.2234375
3 0.34609375 0.81484375 0.16796875 0.2296875
3 0.571875 0.82421875 0.153125 0.2484375
3 0.56875 0.17265625 0.14921875 0.2359375
3 0.79296875 0.17578125 0.16796875 0.2390625
3 0.12109375 0.18203125 0.17734375 0.2125
3 0.3421875 0.2015625 0.14140625 0.2046875
3 0.778125 0.48984375 0.15078125 0.20625
3 0.11640625 0.49453125 0.16484375 0.203125
3 0.34765625 0.50234375 0.1359375 0.209375