0 0.1140625 0.91484375 0.1625 0.1703125
0 0.353125 0.9140625 0.17421875 0.171875
0 0.59765625 0.92578125 0.15859375 0.1484375
0 0.815625 0.92421875 0.153125 0.1515625
0 0.96328125 0.9203125 0.0734375 0.159375
0 0.04296875 0.696875 0.0859375 0.2109375
0 0.22421875 0.70859375 0.14609375 0.22890625
0 0.45078125 0.71875 0.171875 0.24453125
0 0.67421875 0.72265625 0.171875 0.26796875
0 0.91015625 0.71875 0.1796875 0.234375
0 0.959375 0.4609375 0.08125 0.2375
0 0.79453125 0.459375 0.17734375 0.26328125
0 0.56015625 0.45546875 0.14609375 0.23984375
0 0.34140625 0.44921875 0.14609375 0.24765625
0 0.13828125 0.44140625 0.140625 0.2265625
0 0.05859375 0.22109375 0.1171875 0.18203125
0 0.23828125 0.21875 0.16953125 0.234375
0 0.453125 0.23046875 0.140625 0.20546875
0 0.6546875 0.21875 0.1328125 0.22421875
0 0.884375 0.2203125 0.15390625 0.22109375
0 0.95 0.0515625 0.09375 0.103125
0 0.77890625 0.05703125 0.1859375 0.1140625
0 0.559375 0.0453125 0.115625 0.090625
0 0.36328125 0.0515625 0.1296875 0.103125
0 0.165625 0.05078125 0.16953125 0.1015625