0 0.34921875 0.95859375 0.19609375 0.08203125
0 0.10390625 0.78515625 0.16015625 0.296875
0 0.08984375 0.53984375 0.1453125 0.2015625
0 0.54453125 0.53125 0.13359375 0.21328125
0 0.30703125 0.49453125 0.14296875 0.23359375
0 0.4828125 0.3734375 0.11015625 0.14921875
0 0.45703125 0.24921875 0.103125 0.128125
0 0.2796875 0.32734375 0.1234375 0.15078125
0 0.2578125 0.18671875 0.11328125 0.14453125
0 0.096875 0.19296875 0.11953125 0.14375
0 0.24765625 0.08359375 0.109375 0.09921875
0 0.078125 0.10078125 0.1296875 0.07421875