0 0.7734375 0.925 0.18671875 0.14296875
0 0.94140625 0.65703125 0.1171875 0.2890625
0 0.89921875 0.42578125 0.16015625 0.19453125
0 0.684375 0.45625 0.15703125 0.23359375
0 0.46875 0.55 0.115625 0.20859375
0 0.48828125 0.37890625 0.11953125 0.125
0 0.475 0.23046875 0.08984375 0.1484375
0 0.47734375 0.1125 0.096875 0.115625
0 0.37265625 0.0421875 0.08046875 0.084375
0 0.48125 0.0296875 0.103125 0.059375
0 0.64765625 0.121875 0.11640625 0.1125
0 0.67734375 0.27890625 0.10546875 0.12578125
0 0.63046875 0.03515625 0.1046875 0.0703125
0 0.80703125 0.09765625 0.11640625 0.153125
0 0.93515625 0.0625 0.07265625 0.125
0 0.7875 0.0265625 0.1109375 0.053125