0 0.465625 0.73515625 0.1453125 0.25078125
0 0.4984375 0.53125 0.1328125 0.18125
0 0.54765625 0.3671875 0.12734375 0.16953125
0 0.58984375 0.2296875 0.10703125 0.14140625
0 0.61484375 0.10546875 0.08984375 0.1390625
0 0.7375 0.16953125 0.08515625 0.125
0 0.24765625 0.54921875 0.18984375 0.24921875
0 0.07265625 0.4453125 0.14375 0.203125
0 0.33046875 0.3578125 0.128125 0.15234375
0 0.12734375 0.0625 0.1046875 0.125
0 0.25078125 0.09765625 0.11328125 0.13125
0 0.453125 0.103125 0.09609375 0.159375
0 0.29921875 0.04921875 0.10703125 0.0984375
0 0.48203125 0.0265625 0.0953125 0.05234375