0 0.53359375 0.7375 0.16171875 0.24140625
0 0.771875 0.59140625 0.17109375 0.1828125
0 0.671875 0.34765625 0.1375 0.1640625
0 0.93203125 0.44375 0.1359375 0.20546875
0 0.75390625 0.1203125 0.121875 0.16484375
0 0.87109375 0.0625 0.10078125 0.125
0 0.50234375 0.52421875 0.1296875 0.16875
0 0.446875 0.3640625 0.10859375 0.1609375
0 0.41328125 0.2265625 0.09609375 0.1328125
0 0.37734375 0.10078125 0.09453125 0.12421875
0 0.60390625 0.23671875 0.1203125 0.10078125
0 0.69765625 0.02421875 0.1109375 0.04765625
0 0.53984375 0.1 0.08359375 0.14609375
0 0.26484375 0.1546875 0.09921875 0.128125