0 0.56484375 0.8703125 0.18046875 0.259375
0 0.8171875 0.70703125 0.203125 0.27578125
0 0.53984375 0.63359375 0.134375 0.19453125
0 0.746875 0.4578125 0.15234375 0.19296875
0 0.503125 0.4515625 0.14375 0.20078125
0 0.4734375 0.271875 0.12109375 0.1515625
0 0.6875 0.2765625 0.1375 0.159375
0 0.85703125 0.1984375 0.12890625 0.1609375
0 0.96484375 0.121875 0.0703125 0.15625
0 0.32265625 0.17890625 0.0921875 0.13125
0 0.453125 0.1328125 0.1015625 0.1171875
0 0.63984375 0.15390625 0.1 0.13515625
0 0.81015625 0.08984375 0.1171875 0.12578125
0 0.33046875 0.05703125 0.10625 0.11015625