0 0.93203125 0.83125 0.1359375 0.3375
0 0.62265625 0.85 0.1703125 0.25078125
0 0.5609375 0.60390625 0.1515625 0.24140625
0 0.5171875 0.3984375 0.11796875 0.16953125
0 0.76484375 0.34765625 0.15703125 0.203125
0 0.93515625 0.21640625 0.1296875 0.20546875
0 0.878125 0.09296875 0.12421875 0.1765625
0 0.6890625 0.2 0.10546875 0.19296875
0 0.47578125 0.2296875 0.11640625 0.175
0 0.31953125 0.31484375 0.1171875 0.17890625
0 0.30546875 0.16875 0.09140625 0.13515625
0 0.65234375 0.07734375 0.11640625 0.11875
0 0.453125 0.0890625 0.11640625 0.0921875
0 0.3109375 0.06015625 0.10234375 0.103125
0 0.434375 0.0296875 0.10390625 0.059375
0 0.85859375 0.553125 0.15390625 0.21875