0 0.26328125 0.80234375 0.2390625 0.26015625
0 0.41640625 0.5828125 0.1484375 0.2359375
0 0.52265625 0.39609375 0.12109375 0.16796875
0 0.60234375 0.25078125 0.11796875 0.171875
0 0.14921875 0.44609375 0.17265625 0.2234375
0 0.290625 0.275 0.1578125 0.21640625
0 0.40234375 0.16640625 0.1140625 0.1953125
0 0.15703125 0.10078125 0.146875 0.2015625
0 0.04140625 0.671875 0.0828125 0.28828125
0 0.72265625 0.39921875 0.090625 0.140625
0 0.47265625 0.06484375 0.11171875 0.1265625
0 0.68203125 0.1109375 0.1140625 0.09609375