0 0.68515625 0.81328125 0.16875 0.27890625
0 0.57734375 0.58515625 0.15078125 0.24296875
0 0.85234375 0.47109375 0.1609375 0.21875
0 0.9515625 0.7203125 0.09609375 0.26640625
0 0.871875 0.13046875 0.1453125 0.21171875
0 0.7765625 0.065625 0.1203125 0.13125
0 0.48515625 0.3921875 0.13125 0.1796875
0 0.28515625 0.3765625 0.103125 0.1484375
0 0.42265625 0.25 0.11796875 0.17890625
0 0.61484375 0.178125 0.09609375 0.2046875
0 0.53203125 0.0671875 0.140625 0.1296875
0 0.23203125 0.1171875 0.1 0.10859375
0 0.36484375 0.11875 0.11640625 0.13359375
0 0.340625 0.0453125 0.1015625 0.0640625