0 0.24609375 0.9296875 0.19765625 0.140625
0 0.14921875 0.71171875 0.17890625 0.2140625
0 0.06640625 0.40859375 0.1328125 0.0953125
0 0.41953125 0.7703125 0.14375 0.1796875
0 0.71015625 0.959375 0.1390625 0.08046875
0 0.840625 0.85390625 0.18515625 0.24765625
0 0.92265625 0.66796875 0.15390625 0.2421875
0 0.55390625 0.63984375 0.153125 0.21328125
0 0.66640625 0.52734375 0.13203125 0.2203125
0 0.7625 0.425 0.1046875 0.140625
0 0.34921875 0.2828125 0.11015625 0.16875
0 0.4234375 0.37109375 0.10625 0.05234375
0 0.51171875 0.31875 0.10546875 0.15546875
0 0.60546875 0.26953125 0.08828125 0.14765625
0 0.459375 0.20078125 0.11953125 0.16875
0 0.3796875 0.07734375 0.0984375 0.12109375
0 0.471875 0.03515625 0.08515625 0.0703125