0 0.234375 0.91796875 0.184375 0.1640625
0 0.14453125 0.67578125 0.178125 0.23125
0 0.090625 0.44453125 0.171875 0.22109375
0 0.6703125 0.9671875 0.12421875 0.06484375
0 0.81171875 0.8609375 0.15625 0.21875
0 0.9203125 0.69375 0.1546875 0.228125
0 0.971875 0.51171875 0.05546875 0.121875
0 0.40625 0.79375 0.14765625 0.23515625
0 0.54375 0.65 0.13984375 0.225
0 0.665625 0.53984375 0.11640625 0.21171875
0 0.7625 0.4375 0.10234375 0.14375
0 0.4328125 0.43515625 0.13046875 0.20078125
0 0.525 0.3484375 0.11171875 0.1953125
0 0.62265625 0.27578125 0.08828125 0.1484375
0 0.36015625 0.26796875 0.090625 0.15859375
0 0.4671875 0.190625 0.08671875 0.16328125
0 0.41015625 0.07265625 0.0953125 0.1171875
0 0.5015625 0.040625 0.10390625 0.08125
0 0.846875 0.32265625 0.10625 0.18125