0 0.88515625 0.8734375 0.159375 0.24765625
0 0.6234375 0.9703125 0.15 0.059375
0 0.44140625 0.90078125 0.15546875 0.1984375
0 0.7625 0.51953125 0.14453125 0.196875
0 0.30703125 0.7890625 0.1578125 0.2640625
0 0.16953125 0.68515625 0.15234375 0.23671875
0 0.05703125 0.5796875 0.11328125 0.14765625
0 0.4484375 0.54375 0.1375 0.1796875
0 0.3515625 0.465625 0.1265625 0.1640625
0 0.24609375 0.37734375 0.11953125 0.16015625
0 0.13828125 0.2890625 0.12578125 0.1453125
0 0.53046875 0.36328125 0.0921875 0.159375
0 0.4859375 0.16640625 0.08828125 0.10859375
0 0.6921875 0.0609375 0.0796875 0.071875
0 0.603125 0.046875 0.08046875 0.07734375
0 0.57421875 0.1109375 0.08359375 0.08046875
0 0.39375 0.08671875 0.1046875 0.09375
0 0.13359375 0.078125 0.1046875 0.0921875
0 0.90703125 0.2546875 0.06953125 0.09765625
0 0.71328125 0.765625 0.1296875 0.21328125