0 0.28046875 0.9484375 0.1390625 0.103125
0 0.4890625 0.90078125 0.14375 0.1984375
0 0.06640625 0.82109375 0.1328125 0.2921875
0 0.25625 0.72109375 0.16875 0.21953125
0 0.23828125 0.4828125 0.13359375 0.2109375
0 0.64453125 0.8234375 0.16953125 0.27734375
0 0.79375 0.7390625 0.1484375 0.2421875
0 0.93203125 0.67265625 0.1265625 0.15859375
0 0.48671875 0.35625 0.10859375 0.16484375
0 0.6609375 0.48125 0.1171875 0.2078125
0 0.7765625 0.4203125 0.1078125 0.171875
0 0.89453125 0.38359375 0.11640625 0.1171875
0 0.92421875 0.16171875 0.10703125 0.13671875
0 0.62578125 0.31171875 0.12734375 0.1640625
0 0.57421875 0.1671875 0.10234375 0.12109375
0 0.678125 0.1140625 0.08984375 0.11953125
0 0.14765625 0.18515625 0.07734375 0.134375
0 0.3828125 0.04453125 0.0875 0.0890625
0 0.490625 0.0640625 0.10625 0.128125
0 0.58125 0.03671875 0.075 0.0734375