2 0.43798828125 0.27734375 0.42041015625 0.271484375 0.40283203125 0.271484375 0.37939453125 0.279296875 0.3603515625 0.2939453125 0.3515625 0.3173828125 0.37646484375 0.341796875 0.40576171875 0.3515625 0.4130859375 0.3505859375 0.4599609375 0.3330078125 0.462890625 0.3037109375 0.4541015625 0.2880859375 0.43798828125 0.27734375
2 0.3662109375 0.3857421875 0.36328125 0.3798828125 0.34423828125 0.369140625 0.31494140625 0.36328125 0.29443359375 0.36328125 0.275390625 0.3759765625 0.275390625 0.3955078125 0.2841796875 0.4130859375 0.30322265625 0.421875 0.310546875 0.4208984375 0.32080078125 0.419921875 0.35009765625 0.408203125 0.3603515625 0.3994140625 0.3662109375 0.3857421875
2 0.66357421875 0.40234375 0.63427734375 0.39453125 0.60498046875 0.400390625 0.591796875 0.4091796875 0.5830078125 0.4248046875 0.5830078125 0.4404296875 0.60205078125 0.455078125 0.638671875 0.4560546875 0.66650390625 0.451171875 0.685546875 0.4384765625 0.6884765625 0.4228515625 0.66357421875 0.40234375
2 0.544921875 0.5654296875 0.52880859375 0.5546875 0.48779296875 0.546875 0.4599609375 0.5634765625 0.451171875 0.5849609375 0.4541015625 0.5966796875 0.46728515625 0.609375 0.48779296875 0.615234375 0.5009765625 0.6142578125 0.53759765625 0.60546875 0.55078125 0.5947265625 0.5537109375 0.5810546875 0.544921875 0.5654296875
2 0.18603515625 0.4765625 0.1787109375 0.4892578125 0.1845703125 0.5224609375 0.20068359375 0.533203125 0.2109375 0.5322265625 0.25927734375 0.525390625 0.263671875 0.5166015625 0.24462890625 0.482421875 0.18603515625 0.4765625
2 0.38818359375 0.44921875 0.3662109375 0.4560546875 0.36328125 0.4755859375 0.3544921875 0.4931640625 0.3779296875 0.4931640625 0.427734375 0.4755859375 0.427734375 0.4482421875 0.42333984375 0.4453125 0.38818359375 0.44921875
2 0.8466796875 0.5166015625 0.8349609375 0.5029296875 0.81298828125 0.490234375 0.79541015625 0.486328125 0.78076171875 0.486328125 0.76318359375 0.4921875 0.744140625 0.5048828125 0.732421875 0.5244140625 0.73828125 0.5439453125 0.75439453125 0.5546875 0.77197265625 0.55859375 0.7880859375 0.5576171875 0.82470703125 0.55078125 0.8349609375 0.5439453125 0.8466796875 0.5263671875 0.8466796875 0.5166015625
2 0.708984375 0.6201171875 0.68701171875 0.59375 0.67529296875 0.58984375 0.65185546875 0.58984375 0.638671875 0.5947265625 0.6357421875 0.6005859375 0.6064453125 0.6220703125 0.6064453125 0.6337890625 0.63134765625 0.658203125 0.64892578125 0.66015625 0.65478515625 0.6640625 0.6708984375 0.6630859375 0.69287109375 0.658203125 0.703125 0.6494140625 0.708984375 0.6396484375 0.708984375 0.6201171875
2 0.3896484375 0.6337890625 0.37939453125 0.626953125 0.36181640625 0.62109375 0.33837890625 0.619140625 0.31201171875 0.625 0.298828125 0.6337890625 0.287109375 0.6552734375 0.29296875 0.6708984375 0.30322265625 0.6796875 0.32958984375 0.689453125 0.3515625 0.6884765625 0.38671875 0.6767578125 0.3984375 0.6591796875 0.3984375 0.6474609375 0.3896484375 0.6337890625
2 0.357421875 0.4873046875 0.35595703125 0.48046875 0.33837890625 0.48046875 0.3251953125 0.4873046875 0.3251953125 0.4970703125 0.33251953125 0.50390625 0.3486328125 0.5087890625 0.36328125 0.5029296875 0.3662109375 0.4951171875 0.3515625 0.4951171875 0.357421875 0.4873046875
2 0.64892578125 0.318359375 0.62841796875 0.3125 0.61376953125 0.3125 0.603515625 0.3193359375 0.615234375 0.3369140625 0.615234375 0.3525390625 0.591796875 0.3662109375 0.591796875 0.3701171875 0.61669921875 0.388671875 0.626953125 0.3896484375 0.64599609375 0.384765625 0.6650390625 0.3662109375 0.66796875 0.3369140625 0.64892578125 0.318359375
2 0.55224609375 0.279296875 0.53466796875 0.29296875 0.52001953125 0.29296875 0.51123046875 0.287109375 0.49951171875 0.294921875 0.48046875 0.2978515625 0.48046875 0.3056640625 0.50537109375 0.328125 0.52294921875 0.3359375 0.5478515625 0.3349609375 0.5654296875 0.3251953125 0.5771484375 0.3056640625 0.556640625 0.2919921875 0.55224609375 0.279296875
2 0.80126953125 0.404296875 0.78662109375 0.404296875 0.7734375 0.4130859375 0.7734375 0.4267578125 0.78076171875 0.43359375 0.7939453125 0.4345703125 0.80126953125 0.43359375 0.814453125 0.4208984375 0.8115234375 0.4111328125 0.80126953125 0.404296875
2 0.7705078125 0.3837890625 0.76171875 0.3720703125 0.73974609375 0.359375 0.70166015625 0.35546875 0.68701171875 0.359375 0.673828125 0.3681640625 0.6650390625 0.3798828125 0.6650390625 0.4033203125 0.68994140625 0.421875 0.7177734375 0.4228515625 0.74267578125 0.41796875 0.76171875 0.4072265625 0.7705078125 0.3974609375 0.7705078125 0.3837890625
2 0.77490234375 0.361328125 0.76025390625 0.36328125 0.755859375 0.3681640625 0.7705078125 0.3818359375 0.7734375 0.4072265625 0.77783203125 0.41015625 0.78662109375 0.404296875 0.79833984375 0.404296875 0.80859375 0.4091796875 0.8115234375 0.4189453125 0.8173828125 0.4189453125 0.8232421875 0.4111328125 0.8232421875 0.3974609375 0.80859375 0.3740234375 0.77490234375 0.361328125
2 0.22412109375 0.529296875 0.1611328125 0.5419921875 0.1787109375 0.5849609375 0.18310546875 0.587890625 0.193359375 0.5869140625 0.2373046875 0.5654296875 0.24609375 0.5458984375 0.23583984375 0.53125 0.22412109375 0.529296875
2 0.35595703125 0.48046875 0.33837890625 0.48046875 0.3251953125 0.4873046875 0.3251953125 0.4970703125 0.33544921875 0.505859375 0.3544921875 0.5068359375 0.3603515625 0.5048828125 0.3662109375 0.4951171875 0.3544921875 0.4951171875 0.35595703125 0.48046875
2 0.27099609375 0.455078125 0.2431640625 0.4697265625 0.2431640625 0.4755859375 0.25634765625 0.484375 0.26806640625 0.490234375 0.275390625 0.4892578125 0.298828125 0.4736328125 0.298828125 0.4580078125 0.29150390625 0.453125 0.27099609375 0.455078125
2 0.5947265625 0.6494140625 0.58154296875 0.63671875 0.56689453125 0.6328125 0.55078125 0.6357421875 0.5537109375 0.6806640625 0.5419921875 0.6962890625 0.5419921875 0.7001953125 0.55078125 0.7021484375 0.5712890625 0.6962890625 0.5859375 0.6826171875 0.591796875 0.6689453125 0.5947265625 0.6494140625
2 0.263671875 0.5517578125 0.263671875 0.5615234375 0.26806640625 0.564453125 0.287109375 0.5634765625 0.29296875 0.5576171875 0.2958984375 0.5419921875 0.27392578125 0.537109375 0.263671875 0.5517578125
2 0.46875 0.3818359375 0.40283203125 0.3671875 0.3955078125 0.3720703125 0.3955078125 0.3779296875 0.380859375 0.3955078125 0.39990234375 0.404296875 0.451171875 0.4111328125 0.462890625 0.4033203125 0.462890625 0.3974609375 0.46875 0.3935546875 0.46875 0.3818359375