2 0.490234375 0.52294921875 0.490234375 0.48779296875 0.5 0.42333984375 0.498046875 0.37646484375 0.484375 0.35595703125 0.4560546875 0.2841796890625 0.4501953125 0.2783203109375 0.4150390625 0.28125 0.4052734375 0.275390625 0.3720703125 0.29296875 0.337890625 0.33251953125 0.337890625 0.34716796875 0.326171875 0.38232421875 0.326171875 0.43798828125 0.33984375 0.44970703125 0.341796875 0.49951171875 0.3505859375 0.5244140609375 0.3720703125 0.52734375 0.37890625 0.55517578125 0.3974609375 0.57421875 0.443359375 0.57568359375 0.4599609375 0.5625 0.4716796875 0.5419921890625 0.4814453125 0.5390625 0.490234375 0.52294921875
2 0.6669921875 0.4365234390625 0.67578125 0.43212890625 0.68359375 0.40283203125 0.681640625 0.37939453125 0.6591796875 0.357421875 0.6533203125 0.33984375 0.6455078125 0.3486328109375 0.6455078125 0.328125 0.6357421875 0.322265625 0.638671875 0.33544921875 0.6337890625 0.3369140609375 0.62890625 0.31787109375 0.6171875 0.30615234375 0.6201171875 0.2958984390625 0.623046875 0.30322265625 0.623046875 0.29150390625 0.6142578125 0.2783203109375 0.6064453125 0.275390625 0.5966796875 0.29296875 0.5810546875 0.29296875 0.57421875 0.28564453125 0.576171875 0.27685546875 0.5703125 0.27392578125 0.576171875 0.26806640625 0.564453125 0.25048828125 0.5693359375 0.24609375 0.5771484375 0.2578125 0.578125 0.23583984375 0.5703125 0.23291015625 0.5888671875 0.228515625 0.5927734375 0.234375 0.5908203125 0.2255859390625 0.5712890625 0.22265625 0.5634765625 0.2314453109375 0.5576171875 0.2109375 0.5263671875 0.19921875 0.5126953125 0.2021484390625 0.5 0.21533203125 0.494140625 0.24169921875 0.5078125 0.29443359375 0.4892578125 0.28125 0.482421875 0.29736328125 0.490234375 0.34130859375 0.50390625 0.35595703125 0.517578125 0.39697265625 0.5537109375 0.4423828109375 0.5830078125 0.4658203109375 0.623046875 0.47314453125 0.6396484375 0.4658203109375 0.6484375 0.44970703125 0.6474609375 0.4189453109375 0.6669921875 0.4365234390625
2 0.2705078125 0.3779296890625 0.2431640625 0.3486328109375 0.224609375 0.44091796875 0.2109375 0.47021484375 0.21875 0.50830078125 0.228515625 0.51123046875 0.2568359375 0.4658203109375 0.3193359375 0.439453125 0.32421875 0.37939453125 0.2705078125 0.3779296890625
2 0.2421875 0.22705078125 0.2138671875 0.193359375 0.1943359375 0.181640625 0.1728515625 0.1875 0.158203125 0.23291015625 0.138671875 0.34130859375 0.130859375 0.44091796875 0.130859375 0.45263671875 0.142578125 0.46728515625 0.1435546875 0.48046875 0.1572265625 0.474609375 0.181640625 0.47900390625 0.2041015625 0.4716796890625 0.21875 0.44970703125 0.24609375 0.32666015625 0.2421875 0.22705078125
2 0.345703125 0.05419921875 0.3388671875 0.038085939062500004 0.3017578125 0.052734375 0.205078125 0.17138671875 0.2060546875 0.1875 0.24609375 0.21826171875 0.2900390625 0.1787109390625 0.330078125 0.11865234375 0.345703125 0.07177734375 0.345703125 0.05419921875
2 0.3203125 0.25048828125 0.3125 0.22412109375 0.3271484375 0.1435546890625 0.3134765625 0.15234375 0.2705078125 0.2138671890625 0.2548828125 0.2255859390625 0.244140625 0.25341796875 0.244140625 0.28271484375 0.251953125 0.31201171875 0.255859375 0.35888671875 0.2744140625 0.3779296890625 0.310546875 0.37646484375 0.328125 0.36767578125 0.337890625 0.32373046875 0.32421875 0.30908203125 0.3203125 0.25048828125
2 0.341796875 0.54931640625 0.3193359375 0.4482421890625 0.3017578125 0.4482421890625 0.2607421875 0.4716796890625 0.21484375 0.52880859375 0.220703125 0.59619140625 0.24609375 0.67236328125 0.2578125 0.68115234375 0.27734375 0.61669921875 0.2919921875 0.5947265609375 0.3369140625 0.5595703109375 0.341796875 0.54931640625
2 0.16015625 0.57861328125 0.166015625 0.51416015625 0.1572265625 0.4921875 0.1435546875 0.4921875 0.126953125 0.51123046875 0.12109375 0.54052734375 0.111328125 0.62255859375 0.115234375 0.66064453125 0.1552734375 0.7236328109375 0.1806640625 0.7412109390625 0.2109375 0.74267578125 0.203125 0.64306640625 0.1904296875 0.64453125 0.16796875 0.60791015625 0.16015625 0.57861328125
2 0.4580078125 0.8525390609375 0.4619140625 0.8408203109375 0.4716796875 0.837890625 0.48828125 0.79833984375 0.494140625 0.71630859375 0.466796875 0.61669921875 0.4560546875 0.59765625 0.4404296875 0.5859375 0.3994140625 0.580078125 0.3720703125 0.5595703109375 0.3642578125 0.5654296890625 0.3623046875 0.5595703109375 0.3603515625 0.5771484390625 0.3369140625 0.5595703109375 0.2939453125 0.5947265609375 0.27734375 0.61962890625 0.265625 0.66357421875 0.265625 0.74853515625 0.2734375 0.81005859375 0.2890625 0.84228515625 0.3251953125 0.8876953109375 0.3505859375 0.90234375 0.369140625 0.90380859375 0.4208984375 0.890625 0.4228515625 0.8818359390625 0.4267578125 0.884765625 0.4580078125 0.8525390609375
2 0.716796875 0.86865234375 0.6953125 0.81005859375 0.6826171875 0.802734375 0.6767578125 0.814453125 0.671875 0.81298828125 0.673828125 0.76611328125 0.6650390625 0.720703125 0.654296875 0.73095703125 0.658203125 0.74267578125 0.646484375 0.76025390625 0.6552734375 0.7880859390625 0.6435546875 0.767578125 0.6298828125 0.7646484390625 0.5615234375 0.7763671890625 0.546875 0.79248046875 0.533203125 0.84228515625 0.541015625 0.92724609375 0.5634765625 0.97265625 0.64453125 0.98291015625 0.6923828125 0.9521484390625 0.70703125 0.93017578125 0.716796875 0.88623046875 0.716796875 0.86865234375
2 0.671875 0.65478515625 0.6796875 0.63720703125 0.6875 0.57861328125 0.671875 0.51416015625 0.6591796875 0.4892578109375 0.6552734375 0.50390625 0.6435546875 0.50390625 0.6376953125 0.486328125 0.6201171875 0.474609375 0.5595703125 0.4599609390625 0.5546875 0.47314453125 0.5546875 0.51123046875 0.5400390625 0.5244140609375 0.5244140625 0.521484375 0.4951171875 0.5302734390625 0.474609375 0.57861328125 0.47265625 0.60791015625 0.48046875 0.65478515625 0.5029296875 0.71484375 0.5439453125 0.76171875 0.59375 0.76904296875 0.6298828125 0.755859375 0.662109375 0.70751953125 0.671875 0.68115234375 0.671875 0.65478515625
2 0.8095703125 0.439453125 0.7763671875 0.439453125 0.7626953125 0.451171875 0.748046875 0.47021484375 0.740234375 0.49951171875 0.720703125 0.52587890625 0.72265625 0.56103515625 0.7314453125 0.5712890609375 0.7568359375 0.5654296890625 0.7998046875 0.57421875 0.8291015625 0.59765625 0.83984375 0.59619140625 0.857421875 0.56982421875 0.865234375 0.53466796875 0.8515625 0.49951171875 0.8095703125 0.439453125
2 0.6552734375 0.2197265609375 0.6083984375 0.140625 0.6025390625 0.1435546890625 0.580078125 0.18017578125 0.578125 0.19482421875 0.5859375 0.21826171875 0.60546875 0.23876953125 0.609375 0.26513671875 0.625 0.28857421875 0.6318359375 0.310546875 0.6396484375 0.310546875 0.6767578125 0.3544921890625 0.69921875 0.36474609375 0.7294921875 0.3486328109375 0.740234375 0.32958984375 0.6826171875 0.240234375 0.6552734375 0.2197265609375
2 0.5205078125 0.01171875 0.4892578125 0 0.46484375 0.03076171875 0.4609375 0.06298828125 0.46875 0.12744140625 0.4892578125 0.1376953109375 0.4990234375 0.15234375 0.53125 0.15673828125 0.5380859375 0.1552734390625 0.5546875 0.12451171875 0.5546875 0.06591796875 0.5205078125 0.01171875
2 0.4716796875 0.8642578109375 0.4541015625 0.861328125 0.4267578125 0.896484375 0.3505859375 0.9052734390625 0.3212890625 0.8876953109375 0.2666015625 0.8203125 0.2568359375 0.8203125 0.2509765625 0.8291015609375 0.2431640625 0.826171875 0.244140625 0.83349609375 0.236328125 0.84228515625 0.251953125 0.93310546875 0.267578125 0.96533203125 0.2919921875 0.99609375 0.474609375 0.99755859375 0.490234375 0.96533203125 0.494140625 0.90087890625 0.48828125 0.88330078125 0.4716796875 0.8642578109375
2 0.931640625 0.34423828125 0.91015625 0.29150390625 0.8759765625 0.263671875 0.8447265625 0.2783203109375 0.810546875 0.32958984375 0.810546875 0.41455078125 0.82421875 0.45263671875 0.8701171875 0.5244140609375 0.8818359375 0.533203125 0.896484375 0.53173828125 0.9169921875 0.52734375 0.935546875 0.48779296875 0.939453125 0.38818359375 0.931640625 0.34423828125
2 0.73828125 0.18017578125 0.736328125 0.17431640625 0.7490234375 0.1552734390625 0.7744140625 0.1494140609375 0.791015625 0.12451171875 0.791015625 0.10693359375 0.78125 0.08935546875 0.7568359375 0.052734375 0.7236328125 0.0234375 0.7021484375 0.0234375 0.6904296875 0.03515625 0.6640625 0.08349609375 0.654296875 0.12744140625 0.669921875 0.19775390625 0.6845703125 0.2138671890625 0.7109375 0.21533203125 0.7197265625 0.2138671890625 0.728515625 0.20068359375 0.732421875 0.18310546875 0.73828125 0.18017578125
2 0.873046875 0.80419921875 0.8671875 0.74853515625 0.8505859375 0.7236328109375 0.8173828125 0.7060546890625 0.7822265625 0.71484375 0.7685546875 0.7294921890625 0.7431640625 0.7412109390625 0.72265625 0.77490234375 0.71484375 0.82177734375 0.708984375 0.83056640625 0.7109375 0.84814453125 0.7451171875 0.8876953109375 0.806640625 0.89501953125 0.828125 0.87451171875 0.83203125 0.84521484375 0.8408203125 0.83203125 0.873046875 0.80419921875
2 0.7509765625 0.7294921890625 0.7607421875 0.71484375 0.8095703125 0.703125 0.8330078125 0.708984375 0.8564453125 0.7265625 0.861328125 0.71044921875 0.857421875 0.65185546875 0.8330078125 0.6064453109375 0.8076171875 0.5830078109375 0.7451171875 0.5712890609375 0.71875 0.59912109375 0.728515625 0.65771484375 0.705078125 0.70751953125 0.703125 0.73388671875 0.70703125 0.73974609375 0.7255859375 0.71484375 0.7373046875 0.71484375 0.7451171875 0.7294921890625 0.7509765625 0.7294921890625
2 0.8583984375 0.2666015609375 0.86328125 0.25048828125 0.8515625 0.20361328125 0.810546875 0.14208984375 0.806640625 0.12158203125 0.8017578125 0.12011718906249999 0.8037109375 0.1435546890625 0.7880859375 0.140625 0.7802734375 0.1494140609375 0.7568359375 0.15234375 0.736328125 0.17431640625 0.720703125 0.21826171875 0.71875 0.26513671875 0.736328125 0.31201171875 0.7578125 0.33544921875 0.75 0.36474609375 0.751953125 0.38232421875 0.7783203125 0.4189453109375 0.7958984375 0.4306640609375 0.806640625 0.42919921875 0.810546875 0.42626953125 0.80859375 0.32958984375 0.8466796875 0.26953125 0.8583984375 0.2666015609375
2 0.4990234375 0.7412109390625 0.490234375 0.78955078125 0.490234375 0.85400390625 0.49609375 0.88037109375 0.5048828125 0.8935546890625 0.5224609375 0.9052734390625 0.533203125 0.90380859375 0.537109375 0.88916015625 0.53125 0.77197265625 0.5224609375 0.7529296890625 0.4990234375 0.7412109390625
2 0.5849609375 0.0703125 0.556640625 0.07177734375 0.55078125 0.13623046875 0.5537109375 0.146484375 0.5830078125 0.1669921890625 0.587890625 0.15966796875 0.5849609375 0.146484375 0.6083984375 0.1376953109375 0.6181640625 0.1552734390625 0.63671875 0.16552734375 0.642578125 0.15966796875 0.638671875 0.14208984375 0.6005859375 0.08203125 0.5849609375 0.0703125
2 0.4599609375 0.2578125 0.4677734375 0.263671875 0.4765625 0.25634765625 0.46484375 0.22705078125 0.466796875 0.21240234375 0.44921875 0.18310546875 0.455078125 0.13330078125 0.4482421875 0.1171875 0.4365234375 0.111328125 0.4091796875 0.11425781093750001 0.3818359375 0.099609375 0.3662109375 0.1171875 0.3447265625 0.1171875 0.337890625 0.12451171875 0.322265625 0.16845703125 0.3125 0.22119140625 0.3232421875 0.24609375 0.33984375 0.25048828125 0.337890625 0.30029296875 0.34765625 0.31494140625 0.3876953125 0.28125 0.4150390625 0.26953125 0.4462890625 0.275390625 0.4599609375 0.2578125
2 0.2197265625 0.744140625 0.212890625 0.75439453125 0.208984375 0.79833984375 0.21875 0.82470703125 0.2314453125 0.84375 0.23828125 0.84228515625 0.26171875 0.81591796875 0.26171875 0.80419921875 0.2275390625 0.7470703109375 0.2197265625 0.744140625