2 0.59765625 0.3330078140625 0.603515625 0.2861328140625 0.5693359359375 0.26953125 0.5302734359375 0.263671875 0.5205078140625 0.27734375 0.4599609359375 0.29296875 0.4189453140625 0.314453125 0.400390625 0.3369140640625 0.392578125 0.3935546859375 0.404296875 0.4287109359375 0.4501953140625 0.466796875 0.4814453140625 0.482421875 0.53515625 0.4853515640625 0.5712890640625 0.4765625 0.626953125 0.4384765640625 0.63671875 0.3740234359375 0.59765625 0.3330078140625
2 0.37109375 0.4736328140625 0.373046875 0.4501953140625 0.38671875 0.4365234359375 0.38671875 0.4267578140625 0.3720703140625 0.40625 0.3017578140625 0.369140625 0.2451171859375 0.376953125 0.2138671859375 0.39453125 0.1748046859375 0.43359375 0.150390625 0.4462890640625 0.138671875 0.4912109359375 0.142578125 0.5205078140625 0.15625 0.5517578140625 0.1982421859375 0.591796875 0.2353515640625 0.609375 0.28515625 0.6103515640625 0.33203125 0.5947265640625 0.341796875 0.5166015640625 0.349609375 0.4970703140625 0.37109375 0.4736328140625
2 0.720703125 0.5888671859375 0.7109375 0.5654296859375 0.681640625 0.5361328140625 0.67578125 0.5205078140625 0.67578125 0.4716796859375 0.6650390640625 0.466796875 0.6142578140625 0.46484375 0.5849609359375 0.47265625 0.5380859359375 0.498046875 0.5146484359375 0.51953125 0.4931640640625 0.525390625 0.478515625 0.5439453140625 0.482421875 0.5654296859375 0.474609375 0.5849609359375 0.484375 0.6005859359375 0.486328125 0.6279296859375 0.51171875 0.6591796859375 0.5673828140625 0.693359375 0.62109375 0.6982421859375 0.6728515640625 0.6796875 0.705078125 0.6455078140625 0.720703125 0.6083984359375 0.720703125 0.5888671859375
2 0.474609375 0.5458984359375 0.4921875 0.5244140640625 0.494140625 0.5126953140625 0.4677734359375 0.48046875 0.4287109359375 0.453125 0.4189453140625 0.453125 0.3857421859375 0.466796875 0.361328125 0.4853515640625 0.34375 0.5166015640625 0.33984375 0.5400390640625 0.34765625 0.5791015640625 0.37890625 0.6376953140625 0.4111328140625 0.671875 0.439453125 0.6787109359375 0.494140625 0.6435546859375 0.47265625 0.5908203140625 0.48046875 0.5634765640625 0.474609375 0.5458984359375
2 0.8759765640625 0.40625 0.892578125 0.3779296859375 0.880859375 0.3037109359375 0.8525390640625 0.27734375 0.8056640640625 0.26171875 0.7529296859375 0.234375 0.6826171859375 0.21875 0.6572265640625 0.22265625 0.634765625 0.2412109359375 0.615234375 0.2783203140625 0.611328125 0.3212890640625 0.640625 0.3583984359375 0.6484375 0.3896484359375 0.6806640640625 0.412109375 0.693359375 0.4111328140625 0.7197265640625 0.392578125 0.7861328140625 0.3828125 0.8447265640625 0.390625 0.8759765640625 0.40625
2 0.4619140640625 0.291015625 0.5107421859375 0.279296875 0.5283203140625 0.26171875 0.544921875 0.2587890640625 0.5185546859375 0.216796875 0.4912109359375 0.208984375 0.4775390640625 0.193359375 0.4619140640625 0.193359375 0.4453125 0.2216796859375 0.3916015640625 0.26171875 0.36328125 0.2919921859375 0.3359375 0.3388671859375 0.33203125 0.3701171859375 0.3623046859375 0.3984375 0.3828125 0.4013671859375 0.390625 0.3935546859375 0.3984375 0.3369140640625 0.4169921859375 0.3125 0.4619140640625 0.291015625
2 0.361328125 0.7392578140625 0.3515625 0.6904296859375 0.3359375 0.6669921859375 0.333984375 0.6455078140625 0.3193359359375 0.63671875 0.27734375 0.6728515640625 0.2734375 0.6923828140625 0.283203125 0.7294921859375 0.31640625 0.7841796859375 0.333984375 0.8310546859375 0.3564453140625 0.859375 0.423828125 0.8642578140625 0.4296875 0.8583984359375 0.427734375 0.8388671859375 0.40234375 0.8115234359375 0.361328125 0.7392578140625
2 0.2353515640625 0.65625 0.2119140640625 0.654296875 0.1982421859375 0.66015625 0.1484375 0.7197265640625 0.146484375 0.7333984359375 0.158203125 0.7587890640625 0.2119140640625 0.806640625 0.2939453140625 0.841796875 0.33203125 0.8486328140625 0.3359375 0.8369140640625 0.283203125 0.7353515640625 0.271484375 0.6806640640625 0.2353515640625 0.65625
2 0.431640625 0.6923828140625 0.4228515640625 0.681640625 0.3994140640625 0.673828125 0.35546875 0.6943359359375 0.357421875 0.7294921859375 0.396484375 0.7978515640625 0.423828125 0.8271484359375 0.451171875 0.8720703140625 0.45703125 0.8603515640625 0.458984375 0.8076171859375 0.4296875 0.7216796859375 0.431640625 0.6923828140625
2 0.533203125 0.6923828140625 0.4853515640625 0.65625 0.435546875 0.6884765640625 0.43359375 0.7275390640625 0.443359375 0.7666015640625 0.4970703140625 0.87890625 0.568359375 0.8798828140625 0.580078125 0.8681640640625 0.55859375 0.8330078140625 0.53125 0.7568359359375 0.533203125 0.6923828140625
2 0.66015625 0.8076171859375 0.634765625 0.7705078140625 0.625 0.7236328140625 0.6005859359375 0.703125 0.5732421859375 0.69921875 0.537109375 0.7275390640625 0.53515625 0.7646484359375 0.583984375 0.8701171859375 0.6005859359375 0.87890625 0.6171875 0.8779296859375 0.6630859359375 0.875 0.68359375 0.8623046859375 0.671875 0.8486328140625 0.66015625 0.8076171859375
2 0.8984375 0.6962890640625 0.8828125 0.6630859359375 0.8408203140625 0.625 0.7939453140625 0.61328125 0.7275390640625 0.615234375 0.6767578140625 0.6796875 0.64453125 0.6923828140625 0.64453125 0.7548828140625 0.673828125 0.8076171859375 0.6923828140625 0.8203125 0.7314453140625 0.830078125 0.806640625 0.8291015640625 0.8623046859375 0.810546875 0.888671875 0.7861328140625 0.904296875 0.7412109359375 0.8984375 0.6962890640625
2 1 0.4853515640625 0.9853515640625 0.478515625 0.9326171859375 0.4765625 0.919921875 0.4853515640625 0.921875 0.5244140640625 0.908203125 0.5517578140625 0.861328125 0.6005859359375 0.861328125 0.6142578140625 0.8671875 0.6318359359375 0.89453125 0.6611328140625 0.904296875 0.6826171859375 0.9267578140625 0.703125 0.9501953140625 0.71875 1 0.7294921859375 1 0.4853515640625
2 1 0.3857421859375 0.9248046859375 0.3125 0.8974609359375 0.306640625 0.890625 0.3154296859375 0.896484375 0.3759765640625 0.888671875 0.4189453140625 0.90625 0.4365234359375 0.9140625 0.4697265640625 0.9189453140625 0.4765625 0.9580078140625 0.47265625 1 0.4814453140625 1 0.3857421859375
2 0.90234375 0.4365234359375 0.8505859359375 0.40234375 0.8251953140625 0.3984375 0.8037109359375 0.38671875 0.7138671859375 0.3984375 0.681640625 0.4345703140625 0.677734375 0.5166015640625 0.685546875 0.5361328140625 0.7333984359375 0.58203125 0.7763671859375 0.60546875 0.83203125 0.6044921859375 0.8701171859375 0.5859375 0.91796875 0.5263671859375 0.919921875 0.4990234359375 0.90234375 0.4365234359375