2 0.4941406234375 0.2119783859375 0.4482421875 0.1520396703125 0.3623046875 0.1257251140625 0.1943359375 0.11110591249999999 0.1591796875 0.122801271875 0.1347656234375 0.1535015890625 0.1269531234375 0.229521425 0.1552734375 0.2806886234375 0.2607421875 0.33624158125000003 0.39453125 0.352322696875 0.4267578125 0.3450130984375 0.4794921875 0.304079340625 0.4921875 0.2821505421875 0.4941406234375 0.2119783859375
2 0.5673828125 0.277764784375 0.5361328125 0.239754865625 0.5087890625 0.230983346875 0.5009765625 0.21344030468750003 0.48828125 0.29969358125 0.4228515625 0.350860778125 0.4199218765625 0.375713415625 0.4589843765625 0.45465709218750006 0.5419921875 0.57599644375 0.5751953125 0.6110825203125 0.64453125 0.6359351609375 0.6894531234375 0.580382203125 0.6855468765625 0.5014385296875 0.6660156234375 0.4400378921875 0.5673828125 0.277764784375
2 0.4990234375 0.5116719703125 0.4541015625 0.46196669218749997 0.4228515625 0.470738209375 0.40625 0.5131338890625 0.4082031234375 0.600849084375 0.4628906234375 0.7762794734375 0.5058593765625 0.8727661859375001 0.5517578125 0.950247940625 0.5947265625 0.9970293765625 0.6347656234375 0.9955674578125 0.6660156234375 0.942938340625 0.6640625 0.8815377062499999 0.5917968765625 0.688564278125 0.4990234375 0.5116719703125
2 0.22265625 0.352322696875 0.21484375 0.3230843 0.1884765625 0.304079340625 0.1435546875 0.29823166093750003 0.0009765625 0.3596323 0 0.603772921875 0.01171875 0.603772921875 0.0869140625 0.567224925 0.1845703125 0.4765858921875 0.21875 0.4020279765625 0.22265625 0.352322696875
2 0.2871093765625 0.758736434375 0.2597656234375 0.6564020390625 0.1953125 0.5131338890625 0.1748046875 0.49120508906250004 0.0986328125 0.5584534078125001 0.08398437656249999 0.5979252421875 0.09179687656249999 0.6534782 0.1484375 0.855223146875 0.2021484375 0.9327049046875 0.2285156234375 0.942938340625 0.2509765625 0.9356287421875 0.2753906234375 0.8990807453125 0.2890625 0.8406039484375001 0.2871093765625 0.758736434375
2 0.3935546875 0.5350626890625 0.3232421875 0.5262911671875 0.2714843765625 0.554067646875 0.2578125 0.600849084375 0.2578125 0.6359351609375 0.3017578125 0.7163407546875 0.3974609375 0.806979790625 0.4580078125 0.8391420296875 0.4746093765625 0.8376801078125 0.48046875 0.81721323125 0.41796875 0.6534782 0.40625 0.5599153265625 0.3935546875 0.5350626890625
2 0.7705078125 0.1988211078125 0.6630859375 0.093562875 0.5810546875 0.2105164671875 0.5488281234375 0.238292946875 0.5556640625 0.2602217421875 0.6142578125 0.327470059375 0.6806640625 0.37717533593749997 0.7333984375 0.39471837656250003 0.7890625 0.396180296875 0.8027343765625 0.3844849375 0.82421875 0.326008140625 0.8125 0.2763028625 0.7705078125 0.1988211078125
2 1 0.16227311093750002 0.9912109375 0.14911583281250002 0.9208984375 0.11402975468750001 0.8994140625 0.11695359218750001 0.8808593765625 0.1476539109375 0.7890625 0.445885571875 0.796875 0.5219054078124999 0.8193359375 0.5496818859375 0.84375 0.5511438046875 0.8574218765625 0.539448446875 0.8652343765625 0.5043623687500001 0.9316406234375 0.375713415625 0.984375 0.3084651015625 0.9833984375 0.2923839828125 0.9853515625 0.304079340625 0.9902343765625 0.29969358125 1 0.241216784375 1 0.16227311093750002
2 1 0.9049284249999999 0.9287109375 0.7894367515625 0.8134765625 0.6695593171875001 0.7861328125 0.663711640625 0.76953125 0.6827165984375 0.765625 0.7294980359375 0.7890625 0.8376801078125 0.8740234375 0.9824101796875 0.8857421875 0.9970293765625 1 0.9955674578125 1 0.9049284249999999
2 0.6943359375 0.768969875 0.6474609375 0.7601983531250001 0.6347656234375 0.7733556312500001 0.6328125 0.79674635 0.66796875 0.8815377062499999 0.66796875 0.9575575421875 0.6806640625 0.9853340171875 0.7470703125 0.9619433000000001 0.7724609375 0.9707148203125 0.7978515625 0.99995321875 0.8457031234375 0.9984913000000001 0.8496093765625 0.9751005812500001 0.8261718765625 0.916623784375 0.7529296875 0.8157513109375 0.6943359375 0.768969875
2 0.93359375 0.3786372578125 0.86328125 0.5102100484375 0.8535156234375 0.5511438046875 0.8496093765625 0.5950014046875001 0.859375 0.6447066796875001 0.8818359375 0.6783308390625 0.9140625 0.6856404375 0.9423828125 0.675407 1 0.6066967640625001 0.9990234375 0.304079340625 0.93359375 0.3786372578125
2 0.5058593765625 0.0921009546875 0.4980468765625 0.16812079062500002 0.5058593765625 0.1973591890625 0.5302734375 0.230983346875 0.5527343765625 0.2324452671875 0.6123046875 0.16665886875 0.7089843765625 0.00146191875 0.5361328125 0 0.5058593765625 0.0921009546875