2 0.6416015625 0.4658203125 0.626953125 0.4423828125 0.57275390625 0.408203125 0.53759765625 0.40234375 0.48779296875 0.40234375 0.421875 0.4326171875 0.404296875 0.4580078125 0.3984375 0.4775390625 0.404296875 0.5048828125 0.4248046875 0.5322265625 0.46142578125 0.548828125 0.49072265625 0.5546875 0.5537109375 0.5537109375 0.57861328125 0.548828125 0.609375 0.5283203125 0.6357421875 0.4912109375 0.6416015625 0.4658203125
2 0.4189453125 0.4345703125 0.439453125 0.4228515625 0.4365234375 0.4150390625 0.41455078125 0.400390625 0.39697265625 0.39453125 0.37939453125 0.390625 0.33544921875 0.390625 0.30029296875 0.3984375 0.275390625 0.4111328125 0.24462890625 0.44140625 0.23583984375 0.4375 0.22265625 0.4482421875 0.216796875 0.4775390625 0.228515625 0.5009765625 0.25927734375 0.5234375 0.310546875 0.5380859375 0.34716796875 0.5078125 0.3955078125 0.4853515625 0.4013671875 0.4619140625 0.4189453125 0.4345703125
2 0.6533203125 0.6005859375 0.638671875 0.5791015625 0.60205078125 0.556640625 0.58447265625 0.552734375 0.49658203125 0.556640625 0.45849609375 0.572265625 0.427734375 0.5966796875 0.416015625 0.6240234375 0.4189453125 0.6611328125 0.43359375 0.6767578125 0.47607421875 0.703125 0.52001953125 0.716796875 0.5625 0.7158203125 0.59619140625 0.708984375 0.638671875 0.6806640625 0.65625 0.6513671875 0.6533203125 0.6005859375
2 0.7763671875 0.8232421875 0.7646484375 0.8095703125 0.72802734375 0.7890625 0.68408203125 0.77734375 0.63720703125 0.76953125 0.58740234375 0.7734375 0.5830078125 0.7763671875 0.5859375 0.8076171875 0.556640625 0.8310546875 0.5625 0.8408203125 0.63134765625 0.865234375 0.744140625 0.8857421875 0.75732421875 0.884765625 0.7646484375 0.8798828125 0.7763671875 0.8564453125 0.7763671875 0.8232421875
2 0.580078125 0.7763671875 0.544921875 0.7353515625 0.52587890625 0.72265625 0.46728515625 0.701171875 0.42333984375 0.703125 0.38525390625 0.716796875 0.3515625 0.7373046875 0.33984375 0.7626953125 0.33984375 0.7900390625 0.3662109375 0.8193359375 0.39990234375 0.837890625 0.44384765625 0.849609375 0.46875 0.8486328125 0.50244140625 0.84765625 0.54931640625 0.83203125 0.5830078125 0.8076171875 0.580078125 0.7763671875
2 0.3486328125 0.8095703125 0.333984375 0.7880859375 0.3369140625 0.7353515625 0.35595703125 0.716796875 0.37646484375 0.71875 0.3837890625 0.7158203125 0.37939453125 0.70703125 0.35595703125 0.708984375 0.3515625 0.7021484375 0.32080078125 0.685546875 0.28564453125 0.67578125 0.24462890625 0.67578125 0.22705078125 0.6796875 0.228515625 0.6884765625 0.240234375 0.6923828125 0.22705078125 0.69921875 0.22119140625 0.689453125 0.19482421875 0.689453125 0.1728515625 0.7041015625 0.1611328125 0.7314453125 0.1640625 0.7763671875 0.1787109375 0.8017578125 0.20361328125 0.8203125 0.22705078125 0.828125 0.23876953125 0.83984375 0.2490234375 0.8408203125 0.27099609375 0.83203125 0.28857421875 0.833984375 0.32080078125 0.828125 0.3486328125 0.8095703125
2 0.2314453125 0.6005859375 0.1875 0.5751953125 0.16845703125 0.546875 0.13916015625 0.5546875 0.1259765625 0.5634765625 0.0966796875 0.6201171875 0.10107421875 0.62890625 0.1552734375 0.6279296875 0.19189453125 0.62109375 0.20654296875 0.609375 0.22705078125 0.60546875 0.2314453125 0.6005859375
2 0.31201171875 0.541015625 0.27099609375 0.529296875 0.23291015625 0.525390625 0.19482421875 0.513671875 0.181640625 0.5205078125 0.1728515625 0.5283203125 0.17578125 0.5517578125 0.1904296875 0.5751953125 0.20361328125 0.583984375 0.24462890625 0.599609375 0.3076171875 0.5986328125 0.3134765625 0.5947265625 0.310546875 0.5673828125 0.31640625 0.5439453125 0.31201171875 0.541015625
2 0.966796875 0.5048828125 0.9462890625 0.4853515625 0.91259765625 0.46484375 0.86865234375 0.44921875 0.81298828125 0.4453125 0.77490234375 0.451171875 0.7470703125 0.4677734375 0.732421875 0.4833984375 0.7236328125 0.5087890625 0.7265625 0.5322265625 0.75 0.5673828125 0.78955078125 0.59375 0.85107421875 0.60546875 0.896484375 0.6044921875 0.92724609375 0.595703125 0.9638671875 0.5693359375 0.9755859375 0.5380859375 0.966796875 0.5048828125
2 0.90234375 0.6884765625 0.8935546875 0.6494140625 0.873046875 0.6220703125 0.84228515625 0.603515625 0.78955078125 0.595703125 0.75146484375 0.60546875 0.71484375 0.6396484375 0.75146484375 0.6484375 0.77783203125 0.646484375 0.82763671875 0.650390625 0.8349609375 0.6552734375 0.83203125 0.6611328125 0.80126953125 0.66796875 0.76025390625 0.66796875 0.68115234375 0.654296875 0.66796875 0.6630859375 0.662109375 0.6962890625 0.66796875 0.7197265625 0.67822265625 0.728515625 0.73681640625 0.7421875 0.767578125 0.7626953125 0.7705078125 0.7744140625 0.77783203125 0.779296875 0.8115234375 0.7783203125 0.84521484375 0.76953125 0.884765625 0.7490234375 0.8994140625 0.7294921875 0.90234375 0.6884765625
2 1 0.5791015625 0.99755859375 0.5703125 0.97119140625 0.560546875 0.9580078125 0.5751953125 0.97265625 0.6005859375 0.9697265625 0.6240234375 0.955078125 0.6455078125 0.93896484375 0.658203125 0.91845703125 0.662109375 0.9169921875 0.6689453125 0.95068359375 0.701171875 0.95947265625 0.705078125 0.9755859375 0.7041015625 0.99462890625 0.697265625 1 0.6884765625 1 0.5791015625
2 0.94921875 0.7861328125 0.9462890625 0.7744140625 0.93896484375 0.7734375 0.89794921875 0.78515625 0.86279296875 0.80859375 0.84521484375 0.810546875 0.82763671875 0.818359375 0.81591796875 0.81640625 0.78369140625 0.822265625 0.779296875 0.8251953125 0.7822265625 0.8486328125 0.7734375 0.8720703125 0.7939453125 0.8720703125 0.84814453125 0.86328125 0.90673828125 0.83984375 0.9375 0.8154296875 0.94921875 0.7861328125
2 0.7646484375 0.7626953125 0.73388671875 0.7421875 0.68408203125 0.732421875 0.60498046875 0.732421875 0.56396484375 0.740234375 0.5595703125 0.7431640625 0.5625 0.7568359375 0.5830078125 0.7744140625 0.5830078125 0.8095703125 0.5625 0.8232421875 0.5537109375 0.8349609375 0.580078125 0.8564453125 0.580078125 0.8623046875 0.59619140625 0.8671875 0.60205078125 0.861328125 0.60791015625 0.873046875 0.61962890625 0.869140625 0.62841796875 0.876953125 0.64013671875 0.87109375 0.66064453125 0.87890625 0.66650390625 0.876953125 0.66943359375 0.880859375 0.67822265625 0.875 0.68701171875 0.875 0.744140625 0.8857421875 0.7646484375 0.8798828125 0.7763671875 0.8564453125 0.7734375 0.7822265625 0.7646484375 0.7626953125
2 0.94921875 0.3154296875 0.9404296875 0.3017578125 0.92138671875 0.2890625 0.85400390625 0.271484375 0.78369140625 0.26953125 0.74560546875 0.279296875 0.7265625 0.2958984375 0.732421875 0.3134765625 0.7763671875 0.3544921875 0.80126953125 0.37109375 0.82763671875 0.380859375 0.8466796875 0.3818359375 0.89501953125 0.37109375 0.931640625 0.3505859375 0.9462890625 0.3349609375 0.94921875 0.3154296875
2 0.93603515625 0.419921875 0.91552734375 0.4296875 0.896484375 0.4443359375 0.8935546875 0.4541015625 0.94921875 0.4873046875 0.9697265625 0.5068359375 0.9755859375 0.5244140625 0.97265625 0.5556640625 0.98876953125 0.564453125 0.9990234375 0.5654296875 1 0.4208984375 0.99462890625 0.4140625 0.97412109375 0.4140625 0.93603515625 0.419921875
2 0.796875 0.4033203125 0.7998046875 0.3974609375 0.7880859375 0.3935546875 0.7412109375 0.3486328125 0.73095703125 0.34375 0.68994140625 0.341796875 0.65771484375 0.35546875 0.61083984375 0.361328125 0.5888671875 0.3818359375 0.5888671875 0.3974609375 0.6005859375 0.4189453125 0.63427734375 0.44140625 0.67236328125 0.45703125 0.70166015625 0.474609375 0.7353515625 0.4755859375 0.78076171875 0.447265625 0.8115234375 0.4423828125 0.8115234375 0.4072265625 0.796875 0.4033203125
2 0.64306640625 0.26953125 0.58447265625 0.267578125 0.46875 0.2822265625 0.47314453125 0.287109375 0.54345703125 0.3125 0.57861328125 0.322265625 0.609375 0.3251953125 0.63134765625 0.3203125 0.662109375 0.3017578125 0.662109375 0.2802734375 0.64306640625 0.26953125
2 0.7060546875 0.2880859375 0.69287109375 0.279296875 0.66064453125 0.275390625 0.6650390625 0.2939453125 0.6591796875 0.3056640625 0.63720703125 0.318359375 0.60791015625 0.326171875 0.56689453125 0.3203125 0.47900390625 0.2890625 0.46435546875 0.287109375 0.45703125 0.2900390625 0.47021484375 0.3046875 0.57861328125 0.3515625 0.60791015625 0.359375 0.6298828125 0.3583984375 0.66650390625 0.3515625 0.703125 0.3310546875 0.71484375 0.3076171875 0.7060546875 0.2880859375
2 0.68408203125 0.203125 0.64892578125 0.197265625 0.60791015625 0.203125 0.544921875 0.2275390625 0.58447265625 0.248046875 0.60205078125 0.265625 0.65771484375 0.26953125 0.708984375 0.2841796875 0.7353515625 0.2724609375 0.732421875 0.2431640625 0.708984375 0.2177734375 0.68408203125 0.203125
2 0.7353515625 0.1923828125 0.7353515625 0.2080078125 0.744140625 0.2275390625 0.76318359375 0.24609375 0.78662109375 0.25 0.79833984375 0.263671875 0.8525390625 0.2646484375 0.8466796875 0.2353515625 0.81884765625 0.208984375 0.77783203125 0.1953125 0.7353515625 0.1923828125
2 0.52880859375 0.22265625 0.49658203125 0.212890625 0.47900390625 0.212890625 0.47900390625 0.216796875 0.46142578125 0.22265625 0.42919921875 0.228515625 0.4189453125 0.2353515625 0.416015625 0.2548828125 0.44677734375 0.27734375 0.4658203125 0.2802734375 0.50537109375 0.27734375 0.55224609375 0.267578125 0.5537109375 0.2373046875 0.52880859375 0.22265625
2 0.375 0.2412109375 0.3662109375 0.2275390625 0.35595703125 0.22265625 0.29736328125 0.216796875 0.25927734375 0.220703125 0.20361328125 0.23828125 0.169921875 0.2607421875 0.169921875 0.2646484375 0.18603515625 0.271484375 0.22705078125 0.271484375 0.24755859375 0.296875 0.26806640625 0.29296875 0.28271484375 0.283203125 0.30908203125 0.279296875 0.33251953125 0.265625 0.3310546875 0.2724609375 0.287109375 0.2958984375 0.287109375 0.3017578125 0.298828125 0.3056640625 0.375 0.2919921875 0.375 0.2880859375 0.357421875 0.2802734375 0.375 0.2412109375
2 0.5390625 0.3740234375 0.521484375 0.3525390625 0.48779296875 0.3359375 0.43212890625 0.322265625 0.41455078125 0.322265625 0.36767578125 0.33203125 0.357421875 0.3408203125 0.36181640625 0.34375 0.39111328125 0.341796875 0.4130859375 0.3505859375 0.3779296875 0.3740234375 0.375 0.3837890625 0.41748046875 0.400390625 0.44384765625 0.41796875 0.4541015625 0.4169921875 0.49365234375 0.400390625 0.53759765625 0.40234375 0.5419921875 0.3994140625 0.5390625 0.3740234375
2 0.1640625 0.3955078125 0.1875 0.3818359375 0.1962890625 0.3505859375 0.18017578125 0.33203125 0.14794921875 0.33203125 0.140625 0.3369140625 0.123046875 0.3740234375 0.10546875 0.3896484375 0.06005859375 0.416015625 0.03955078125 0.423828125 0.029296875 0.4228515625 0.03369140625 0.416015625 0.07763671875 0.3984375 0.10546875 0.3798828125 0.1083984375 0.3701171875 0.1171875 0.3662109375 0.11279296875 0.353515625 0.06884765625 0.376953125 0.0263671875 0.4072265625 0.0087890625 0.4267578125 0.005859375 0.4384765625 0.01611328125 0.45703125 0.0380859375 0.4580078125 0.08349609375 0.4453125 0.11865234375 0.427734375 0.14501953125 0.4140625 0.1640625 0.3955078125
2 0.08642578125 0.447265625 0.03369140625 0.4609375 0.01904296875 0.4609375 0.0029296875 0.4736328125 0 0.5830078125 0.0146484375 0.5830078125 0.046875 0.5634765625 0.0966796875 0.4970703125 0.099609375 0.4638671875 0.08642578125 0.447265625
2 0.15087890625 0.66015625 0.22119140625 0.6796875 0.25341796875 0.673828125 0.27978515625 0.673828125 0.29296875 0.6630859375 0.29296875 0.6552734375 0.263671875 0.6025390625 0.21240234375 0.591796875 0.1875 0.5751953125 0.17578125 0.5537109375 0.16259765625 0.548828125 0.13037109375 0.560546875 0.1171875 0.5751953125 0.1142578125 0.5927734375 0.0966796875 0.6220703125 0.09375 0.6416015625 0.1171875 0.6689453125 0.1171875 0.6767578125 0.12890625 0.6787109375 0.1259765625 0.6904296875 0.14501953125 0.701171875 0.17578125 0.7001953125 0.1904296875 0.6884765625 0.12744140625 0.673828125 0.12744140625 0.662109375 0.15087890625 0.66015625
2 0.169921875 0.7060546875 0.16259765625 0.705078125 0.15087890625 0.7109375 0.12451171875 0.71484375 0.10546875 0.7294921875 0.1025390625 0.7392578125 0.1201171875 0.7763671875 0.15380859375 0.79296875 0.1728515625 0.7958984375 0.1611328125 0.7646484375 0.1611328125 0.7294921875 0.169921875 0.7099609375 0.169921875 0.7060546875
2 0.5537109375 0.8662109375 0.51708984375 0.849609375 0.43212890625 0.849609375 0.37060546875 0.833984375 0.35595703125 0.8359375 0.33984375 0.8447265625 0.3486328125 0.8662109375 0.39111328125 0.8828125 0.41455078125 0.888671875 0.4892578125 0.8916015625 0.52001953125 0.888671875 0.54638671875 0.880859375 0.556640625 0.8740234375 0.5537109375 0.8662109375