2 0.7569857890625 0.548828125 0.78299434375 0.5302734375 0.7912075703125 0.5126953125 0.7912075703125 0.5009765625 0.774781115625 0.4736328125 0.7515103046875 0.45703125 0.715919653125 0.44140625 0.6912799703125 0.439453125 0.65568931875 0.44921875 0.6461072203125 0.4580078125 0.6378939921875 0.4853515625 0.640631734375 0.5224609375 0.6461072203125 0.5361328125 0.6611648031249999 0.548828125 0.688542228125 0.5546875 0.71455078125 0.5537109375 0.722764009375 0.5498046875 0.7241328796875 0.541015625 0.7378215921875 0.55078125 0.7569857890625 0.548828125
2 0.7200262656249999 0.6455078125 0.7172885234375 0.6142578125 0.70086206875 0.5927734375 0.6803290015625 0.578125 0.6529515765625 0.5703125 0.647476090625 0.5703125 0.6378939921875 0.5751953125 0.63515625 0.5849609375 0.6269430218750001 0.5927734375 0.6242052796875 0.5986328125 0.6269430218750001 0.6044921875 0.6187297953125 0.6240234375 0.6187297953125 0.6318359375 0.61051656875 0.6435546875 0.588614628125 0.6630859375 0.588614628125 0.6787109375 0.5858768859375 0.6806640625 0.588614628125 0.6865234375 0.6036722125 0.6953125 0.6200986656249999 0.69921875 0.6378939921875 0.6982421875 0.6529515765625 0.697265625 0.6775912578125001 0.69140625 0.7118130390624999 0.6630859375 0.7200262656249999 0.6455078125
2 0.61051656875 0.5693359375 0.5899834984375001 0.5546875 0.5790325296875001 0.55078125 0.5626060749999999 0.55078125 0.5584994609375 0.5537109375 0.5584994609375 0.5869140625 0.550286234375 0.6005859375 0.550286234375 0.6396484375 0.5530239765625 0.6416015625 0.550286234375 0.6455078125 0.550286234375 0.6611328125 0.5571305890625 0.666015625 0.574925915625 0.6650390625 0.61051656875 0.6416015625 0.6242052796875 0.6083984375 0.6242052796875 0.5966796875 0.61051656875 0.5693359375
2 0.336742321875 0.5810546875 0.32579135312499996 0.5615234375 0.302520540625 0.544921875 0.2860940875 0.5390625 0.25597892031249997 0.537109375 0.2286014953125 0.544921875 0.2162816546875 0.5556640625 0.2162816546875 0.5615234375 0.2080684265625 0.5771484375 0.2080684265625 0.5830078125 0.2135439125 0.5888671875 0.21080616874999997 0.5908203125 0.21080616874999997 0.6044921875 0.2135439125 0.6103515625 0.2272326234375 0.6181640625 0.232708109375 0.6318359375 0.2587166625 0.650390625 0.277880859375 0.65625 0.2874629578125 0.6552734375 0.302520540625 0.65234375 0.3203158671875 0.6376953125 0.3340045796875 0.6103515625 0.336742321875 0.5810546875
2 0.4270878234375 0.6806640625 0.40381701249999996 0.666015625 0.38465281562500003 0.66015625 0.343586678125 0.65625 0.3216847390625 0.6640625 0.3066271546875 0.6748046875 0.3038894125 0.6806640625 0.3066271546875 0.6982421875 0.3216847390625 0.71875 0.32989796562499996 0.71875 0.3353734515625 0.71484375 0.3408489359375 0.71484375 0.343586678125 0.720703125 0.38465281562500003 0.71875 0.40381701249999996 0.72265625 0.41887459531250004 0.7216796875 0.4311944375 0.716796875 0.4353010515625 0.7119140625 0.4353010515625 0.6943359375 0.4270878234375 0.6806640625
2 0.381915071875 0.58203125 0.3627508765625 0.57421875 0.3463244203125 0.57421875 0.34495555 0.5869140625 0.3531687765625 0.5986328125 0.3531687765625 0.6220703125 0.3476932921875 0.6318359375 0.3531687765625 0.6357421875 0.35864426250000003 0.6494140625 0.36548861875 0.654296875 0.38054620156249996 0.6552734375 0.40244814062499995 0.6376953125 0.3997103984375 0.6064453125 0.3887594296875 0.5869140625 0.381915071875 0.58203125
2 0.45172750468749995 0.6435546875 0.432563309375 0.6240234375 0.41476798125 0.61328125 0.40792362656250003 0.6201171875 0.40518588437499997 0.6357421875 0.3997103984375 0.6435546875 0.38602168593749997 0.6513671875 0.38328394375 0.6572265625 0.41476798125 0.669921875 0.43940766406250004 0.689453125 0.4462520203125 0.6884765625 0.457202990625 0.6728515625 0.457202990625 0.6611328125 0.45172750468749995 0.6533203125 0.45172750468749995 0.6435546875
2 0.4927936421875 0.6181640625 0.47362944531249995 0.5966796875 0.4585718609375 0.5859375 0.43940766406250004 0.58203125 0.40381701249999996 0.58203125 0.3956037859375 0.583984375 0.391497171875 0.5869140625 0.391497171875 0.5927734375 0.39697265625 0.6005859375 0.40381701249999996 0.60546875 0.409292496875 0.60546875 0.4270878234375 0.6181640625 0.45446524843749997 0.6455078125 0.45446524843749997 0.6552734375 0.45994073281250003 0.6650390625 0.457202990625 0.6669921875 0.457202990625 0.6767578125 0.443514278125 0.6923828125 0.443514278125 0.6982421875 0.45994073281250003 0.6982421875 0.4791049296875 0.6845703125 0.495531384375 0.6552734375 0.495531384375 0.6259765625 0.4927936421875 0.6181640625
2 0.543441878125 0.60546875 0.5188021953125 0.615234375 0.495531384375 0.6181640625 0.495531384375 0.6416015625 0.498269128125 0.6435546875 0.4927936421875 0.6630859375 0.505113484375 0.66796875 0.522908809375 0.6689453125 0.5461796203125 0.66015625 0.550286234375 0.6552734375 0.5489173625 0.60546875 0.543441878125 0.60546875
2 0.432563309375 0.7802734375 0.432563309375 0.7705078125 0.4270878234375 0.7587890625 0.41476798125 0.755859375 0.40518588437499997 0.7490234375 0.416136853125 0.7392578125 0.416136853125 0.7353515625 0.40381701249999996 0.724609375 0.3791773296875 0.71875 0.3463244203125 0.720703125 0.3066271546875 0.7470703125 0.298413928125 0.7685546875 0.3011516703125 0.7822265625 0.31484038281250004 0.8017578125 0.332635709375 0.810546875 0.36548861875 0.818359375 0.391497171875 0.8193359375 0.409292496875 0.814453125 0.429825565625 0.7958984375 0.4353010515625 0.7822265625 0.432563309375 0.7802734375
2 0.3038894125 0.6962890625 0.2943073140625 0.69140625 0.28198747343749997 0.7001953125 0.2682987609375 0.7216796875 0.271036503125 0.7236328125 0.2682987609375 0.7275390625 0.277880859375 0.736328125 0.3011516703125 0.7353515625 0.3079960265625 0.732421875 0.316209253125 0.732421875 0.3230536109375 0.7216796875 0.3038894125 0.6962890625
2 0.29704505625 0.7421875 0.291569571875 0.740234375 0.28335634375 0.7421875 0.26419214687500003 0.73828125 0.257347790625 0.7333984375 0.26008553437500004 0.7236328125 0.25597892031249997 0.720703125 0.2463968203125 0.7275390625 0.24502795000000002 0.734375 0.243659078125 0.7255859375 0.2682987609375 0.7060546875 0.271036503125 0.7001953125 0.2902007 0.6826171875 0.29293844375 0.6767578125 0.2874629578125 0.6728515625 0.2888318296875 0.66796875 0.28061860156249996 0.669921875 0.2669298890625 0.66796875 0.26419214687500003 0.673828125 0.23955246406250003 0.67578125 0.2231260109375 0.68359375 0.202592940625 0.7001953125 0.19437971406250001 0.7197265625 0.19711745625 0.7216796875 0.19711745625 0.7392578125 0.202592940625 0.7431640625 0.2135439125 0.7607421875 0.24502795000000002 0.77734375 0.25597892031249997 0.779296875 0.2737742453125 0.7783203125 0.291569571875 0.775390625 0.298413928125 0.7705078125 0.3066271546875 0.7412109375 0.29704505625 0.7421875
2 0.225863753125 0.681640625 0.23955246406250003 0.67578125 0.25597892031249997 0.67578125 0.26008553437500004 0.6728515625 0.26008553437500004 0.6689453125 0.25597892031249997 0.666015625 0.243659078125 0.6630859375 0.25187230625 0.6591796875 0.25187230625 0.6552734375 0.225863753125 0.640625 0.184797615625 0.654296875 0.1697400328125 0.6728515625 0.172477775 0.6962890625 0.177953259375 0.7041015625 0.19437971406250001 0.7138671875 0.1998551984375 0.7099609375 0.1998551984375 0.7041015625 0.2080684265625 0.6943359375 0.225863753125 0.681640625
2 0.1697400328125 0.6708984375 0.1546824484375 0.658203125 0.1423626078125 0.6591796875 0.13278050937500002 0.642578125 0.1286738953125 0.6455078125 0.1286738953125 0.6513671875 0.12319841093749999 0.6552734375 0.12319841093749999 0.6787109375 0.125936153125 0.6806640625 0.125936153125 0.6923828125 0.139624865625 0.7177734375 0.16289567656249998 0.73046875 0.171108903125 0.732421875 0.19437971406250001 0.7314453125 0.19437971406250001 0.7177734375 0.1806910015625 0.7080078125 0.1697400328125 0.6904296875 0.1697400328125 0.6708984375
2 0.709075296875 0.7294921875 0.674853515625 0.716796875 0.647476090625 0.703125 0.64200060625 0.703125 0.6310496359375 0.7109375 0.6200986656249999 0.7109375 0.6064099546875 0.71484375 0.5762947875 0.71484375 0.5735570453125 0.72265625 0.5653438171875 0.716796875 0.5598683328125 0.728515625 0.550286234375 0.7216796875 0.550286234375 0.7138671875 0.5461796203125 0.7109375 0.5407041359375 0.712890625 0.536597521875 0.7177734375 0.536597521875 0.7392578125 0.543441878125 0.748046875 0.5598683328125 0.748046875 0.5858768859375 0.7412109375 0.5762947875 0.748046875 0.5516551046875 0.755859375 0.550286234375 0.7607421875 0.5598683328125 0.767578125 0.5653438171875 0.767578125 0.5845080140625 0.775390625 0.6242052796875 0.7744140625 0.6721157734375 0.765625 0.688542228125 0.7578125 0.70086206875 0.7470703125 0.709075296875 0.7294921875
2 0.509220096875 0.8232421875 0.509220096875 0.8154296875 0.51469558125 0.8115234375 0.51469558125 0.7998046875 0.4941625140625 0.7890625 0.48868702812500003 0.7890625 0.4791049296875 0.7998046875 0.4791049296875 0.8232421875 0.48458041406249996 0.8349609375 0.4996379984375 0.845703125 0.5188021953125 0.853515625 0.536597521875 0.8525390625 0.54207300625 0.8486328125 0.54207300625 0.8447265625 0.5297531656250001 0.841796875 0.509220096875 0.8232421875
2 0.450358634375 0.833984375 0.4311944375 0.830078125 0.4065547546875 0.8203125 0.3956037859375 0.8203125 0.391497171875 0.8232421875 0.3942349140625 0.8291015625 0.42298120937499994 0.845703125 0.45583411875 0.8515625 0.4654162171875 0.8505859375 0.477736059375 0.84765625 0.48731815625 0.8408203125 0.48321154374999997 0.833984375 0.450358634375 0.833984375
2 0.706337553125 0.7763671875 0.7049686828125 0.76171875 0.6858044859375 0.759765625 0.6693780312500001 0.767578125 0.65568931875 0.767578125 0.6255741515625 0.775390625 0.581770271875 0.775390625 0.577663659375 0.7783203125 0.5804014015625001 0.7841796875 0.5981967265625 0.79296875 0.6064099546875 0.7890625 0.61462318125 0.791015625 0.6283118937500001 0.8125 0.6639025453125 0.818359375 0.6844356140625 0.8173828125 0.6940177125 0.814453125 0.7172885234375 0.7939453125 0.7172885234375 0.7802734375 0.706337553125 0.7763671875
2 0.799420796875 0.7431640625 0.7966830546875 0.7373046875 0.7843632140625 0.728515625 0.7761499859375001 0.728515625 0.7569857890625 0.736328125 0.722764009375 0.7607421875 0.7172885234375 0.7705078125 0.7172885234375 0.7841796875 0.7200262656249999 0.7861328125 0.7172885234375 0.7958984375 0.70086206875 0.8095703125 0.7049686828125 0.814453125 0.747403690625 0.8134765625 0.765199015625 0.806640625 0.774781115625 0.7998046875 0.799420796875 0.7666015625 0.799420796875 0.7431640625
2 0.781625471875 0.845703125 0.80078966875 0.841796875 0.8363803203125 0.828125 0.8514379046875 0.8173828125 0.8514379046875 0.8134765625 0.8391180625000001 0.8046875 0.8226916093750001 0.798828125 0.8117406390624999 0.798828125 0.7980519265625 0.802734375 0.77341224375 0.802734375 0.7460348203125 0.814453125 0.7268706218750001 0.830078125 0.7104441671874999 0.8359375 0.68306674375 0.837890625 0.6762223875 0.8408203125 0.699493196875 0.853515625 0.7282394937500001 0.8525390625 0.7378215921875 0.849609375 0.7624612734375 0.849609375 0.7624612734375 0.845703125 0.781625471875 0.845703125
2 0.7610924031249999 0.7060546875 0.7638301453125 0.7021484375 0.7610924031249999 0.6982421875 0.7720433718749999 0.6806640625 0.7720433718749999 0.6513671875 0.7638301453125 0.6259765625 0.7528791765625 0.6103515625 0.740559334375 0.6015625 0.71455078125 0.6083984375 0.7200262656249999 0.6220703125 0.7200262656249999 0.6494140625 0.709075296875 0.6669921875 0.674853515625 0.693359375 0.6611648031249999 0.6953125 0.6515827046875 0.7001953125 0.6693780312500001 0.712890625 0.6967554546875 0.724609375 0.702230940625 0.7265625 0.71455078125 0.7255859375 0.73234610625 0.72265625 0.7460348203125 0.7109375 0.7515103046875 0.7109375 0.7610924031249999 0.7060546875
2 0.4284566953125 0.51171875 0.450358634375 0.50390625 0.47362944531249995 0.4912109375 0.4763671875 0.4873046875 0.47362944531249995 0.4677734375 0.4681539609375 0.4599609375 0.447620890625 0.4453125 0.42298120937499994 0.443359375 0.40244814062499995 0.4697265625 0.38465281562500003 0.482421875 0.357275390625 0.4921875 0.3408489359375 0.4921875 0.3203158671875 0.5029296875 0.317578125 0.5185546875 0.3216847390625 0.521484375 0.36001313281249997 0.521484375 0.3627508765625 0.5234375 0.3791773296875 0.5234375 0.38602168593749997 0.5263671875 0.38465281562500003 0.529296875 0.381915071875 0.52734375 0.3353734515625 0.52734375 0.32579135312499996 0.5322265625 0.3463244203125 0.546875 0.35179990625 0.548828125 0.36411974687500004 0.5478515625 0.370964103125 0.546875 0.3901283 0.53125 0.398341528125 0.529296875 0.4284566953125 0.51171875
2 0.29293844375 0.4755859375 0.284725215625 0.4599609375 0.2874629578125 0.4169921875 0.28061860156249996 0.4140625 0.2587166625 0.41015625 0.2231260109375 0.41015625 0.21217504062499998 0.4140625 0.19437971406250001 0.4287109375 0.191641971875 0.4443359375 0.202592940625 0.4619140625 0.2135439125 0.4677734375 0.2135439125 0.4716796875 0.21765052499999998 0.474609375 0.2231260109375 0.4765625 0.2286014953125 0.474609375 0.236814721875 0.48046875 0.24092133593749998 0.4794921875 0.2587166625 0.470703125 0.26966763125000004 0.470703125 0.2860940875 0.4765625 0.29293844375 0.4755859375
2 0.19711745625 0.4599609375 0.191641971875 0.4501953125 0.191641971875 0.4326171875 0.19437971406250001 0.4306640625 0.191641971875 0.4267578125 0.202592940625 0.4208984375 0.202592940625 0.4150390625 0.1902731015625 0.40625 0.1738466453125 0.400390625 0.160157934375 0.40234375 0.15194470625 0.3984375 0.130042765625 0.400390625 0.112247440625 0.4111328125 0.112247440625 0.4287109375 0.11772292656250001 0.4365234375 0.13414937968750001 0.4521484375 0.16563341874999998 0.474609375 0.1765843890625 0.4765625 0.1902731015625 0.484375 0.19437971406250001 0.4833984375 0.19711745625 0.4814453125 0.19437971406250001 0.4775390625 0.21080616874999997 0.4716796875 0.19711745625 0.4599609375
2 0.1861664875 0.5654296875 0.1409937359375 0.544921875 0.1314116375 0.5380859375 0.12046066875000001 0.5244140625 0.1108785703125 0.51953125 0.09718985625 0.5234375 0.0862388875 0.5234375 0.0698124328125 0.529296875 0.05749259062499999 0.5400390625 0.0547548484375 0.5458984375 0.05749259062499999 0.5732421875 0.0766567890625 0.5908203125 0.0999276 0.603515625 0.1218295390625 0.607421875 0.13688712187500002 0.6064453125 0.15742019062499998 0.6015625 0.172477775 0.5908203125 0.1861664875 0.5732421875 0.1861664875 0.5654296875
2 0.2217571390625 0.5302734375 0.2135439125 0.5205078125 0.2135439125 0.5166015625 0.2094372984375 0.513671875 0.20122407031249998 0.513671875 0.1957485859375 0.517578125 0.1902731015625 0.517578125 0.1889042296875 0.5068359375 0.17932213125000002 0.498046875 0.1273050234375 0.5 0.112247440625 0.5126953125 0.11772292656250001 0.5224609375 0.13825599375 0.54296875 0.15742019062499998 0.552734375 0.1683711609375 0.556640625 0.172477775 0.5556640625 0.17932213125000002 0.552734375 0.1902731015625 0.552734375 0.2162816546875 0.5419921875 0.2217571390625 0.5302734375
2 0.21765052499999998 0.310546875 0.18753535937500002 0.3203125 0.1806910015625 0.3251953125 0.177953259375 0.3349609375 0.202592940625 0.3681640625 0.21080616874999997 0.3720703125 0.23818359375 0.3330078125 0.26008553437500004 0.3193359375 0.253241178125 0.314453125 0.21765052499999998 0.310546875
2 0.2737742453125 0.3349609375 0.2874629578125 0.3173828125 0.2888318296875 0.310546875 0.26966763125000004 0.314453125 0.23818359375 0.3330078125 0.2080684265625 0.3759765625 0.20533068437500002 0.4033203125 0.2080684265625 0.4111328125 0.2162816546875 0.4111328125 0.253241178125 0.41015625 0.257347790625 0.4072265625 0.26008553437500004 0.3681640625 0.2737742453125 0.3349609375
2 0.277880859375 0.283203125 0.250503434375 0.29296875 0.2422902078125 0.298828125 0.225863753125 0.302734375 0.219019396875 0.3076171875 0.22038826875 0.310546875 0.2313392375 0.3125 0.24502795000000002 0.3125 0.25597892031249997 0.31640625 0.2682987609375 0.3154296875 0.28198747343749997 0.3095703125 0.27924973125 0.3037109375 0.28198747343749997 0.2861328125 0.277880859375 0.283203125
2 0.2477656921875 0.283203125 0.2669298890625 0.275390625 0.2682987609375 0.2705078125 0.250503434375 0.263671875 0.2286014953125 0.263671875 0.21217504062499998 0.267578125 0.1834287453125 0.2900390625 0.177953259375 0.3173828125 0.18205987343750002 0.322265625 0.1861664875 0.3212890625 0.20122407031249998 0.314453125 0.20669955468749998 0.314453125 0.2162816546875 0.3037109375 0.2477656921875 0.283203125
2 0.3668574890625 0.1943359375 0.3723329734375 0.1865234375 0.3997103984375 0.1689453125 0.3956037859375 0.1640625 0.38328394375 0.1591796875 0.3764395875 0.150390625 0.370964103125 0.154296875 0.36548861875 0.150390625 0.3545376484375 0.154296875 0.3463244203125 0.150390625 0.32989796562499996 0.1484375 0.31073376875 0.154296875 0.284725215625 0.1728515625 0.2737742453125 0.1904296875 0.2737742453125 0.2060546875 0.27924973125 0.2197265625 0.298413928125 0.2314453125 0.302520540625 0.23828125 0.31073376875 0.23828125 0.31484038281250004 0.2412109375 0.298413928125 0.2431640625 0.3079960265625 0.248046875 0.318946996875 0.248046875 0.32442248125 0.251953125 0.336742321875 0.2509765625 0.36001313281249997 0.24609375 0.375070715625 0.2333984375 0.36411974687500004 0.2119140625 0.3668574890625 0.1943359375
2 0.477736059375 0.099609375 0.443514278125 0.1220703125 0.443514278125 0.1259765625 0.432563309375 0.1396484375 0.429825565625 0.1611328125 0.4270878234375 0.1630859375 0.4270878234375 0.1787109375 0.432563309375 0.1787109375 0.4791049296875 0.1279296875 0.498269128125 0.1005859375 0.49690025625 0.09765625 0.477736059375 0.099609375
2 0.5667126890625 0.1416015625 0.5667126890625 0.1630859375 0.5584994609375 0.1767578125 0.5584994609375 0.1806640625 0.5626060749999999 0.18359375 0.5762947875 0.1796875 0.6132543109374999 0.1533203125 0.6214675375 0.1337890625 0.6187297953125 0.1318359375 0.6187297953125 0.1181640625 0.58724575625 0.1015625 0.5708193031250001 0.09765625 0.5626060749999999 0.099609375 0.55576171875 0.1103515625 0.5584994609375 0.1240234375 0.5530239765625 0.1220703125 0.5516551046875 0.1171875 0.536597521875 0.1318359375 0.536597521875 0.1357421875 0.5064823546875 0.1806640625 0.5078512265625 0.1875 0.5133267109374999 0.189453125 0.5283842937500001 0.1884765625 0.54207300625 0.1806640625 0.55576171875 0.1650390625 0.5598683328125 0.130859375 0.5667126890625 0.1416015625
2 0.53796639375 0.255859375 0.522908809375 0.2451171875 0.522908809375 0.2392578125 0.5270154234375 0.236328125 0.5407041359375 0.244140625 0.5448107484375 0.2412109375 0.5448107484375 0.2333984375 0.5324909078125 0.2265625 0.5188021953125 0.2265625 0.509220096875 0.2353515625 0.495531384375 0.2666015625 0.4927936421875 0.3095703125 0.48458041406249996 0.3369140625 0.48458041406249996 0.3486328125 0.49005590000000004 0.3486328125 0.5064823546875 0.3271484375 0.522908809375 0.2900390625 0.5530239765625 0.2607421875 0.53796639375 0.255859375
2 0.49005590000000004 0.3974609375 0.49005590000000004 0.3876953125 0.48184267187499996 0.3759765625 0.464047346875 0.36328125 0.450358634375 0.359375 0.443514278125 0.3955078125 0.4353010515625 0.4150390625 0.45994073281250003 0.4423828125 0.4667850890625 0.447265625 0.47089170312500006 0.4462890625 0.4791049296875 0.4404296875 0.4927936421875 0.4228515625 0.495531384375 0.4091796875 0.49005590000000004 0.3974609375
2 0.7296083640625 0.23828125 0.74192820625 0.2392578125 0.74192820625 0.2451171875 0.73508385 0.24609375 0.73508385 0.25 0.740559334375 0.248046875 0.7487725625 0.25 0.7624612734375 0.24609375 0.7638301453125 0.2392578125 0.754248046875 0.232421875 0.7378215921875 0.234375 0.740559334375 0.23046875 0.747403690625 0.2294921875 0.7460348203125 0.2265625 0.7378215921875 0.224609375 0.7255017515625 0.2314453125 0.7255017515625 0.2353515625 0.706337553125 0.2509765625 0.706337553125 0.2548828125 0.7118130390624999 0.2548828125 0.7296083640625 0.25390625 0.733714978125 0.2509765625 0.7255017515625 0.2451171875 0.7296083640625 0.23828125
2 0.7898386984375 0.177734375 0.7693056296874999 0.1904296875 0.7583546609375 0.2021484375 0.7583546609375 0.2060546875 0.767936759375 0.212890625 0.7898386984375 0.220703125 0.7966830546875 0.2197265625 0.8021585390625001 0.2138671875 0.8021585390625001 0.1982421875 0.7966830546875 0.1826171875 0.7898386984375 0.177734375
2 0.73508385 0.12890625 0.7186573953125001 0.12890625 0.674853515625 0.12109375 0.6666402875 0.1171875 0.647476090625 0.1171875 0.636525121875 0.12109375 0.6269430218750001 0.1298828125 0.6296807656250001 0.1591796875 0.6378939921875 0.1708984375 0.6611648031249999 0.189453125 0.6693780312500001 0.19140625 0.6899110984375 0.1904296875 0.71455078125 0.1669921875 0.747403690625 0.1259765625 0.7432970765625 0.125 0.73508385 0.12890625
2 0.8240604796875 0.3232421875 0.8295359640625 0.3154296875 0.8295359640625 0.3095703125 0.8377491906250001 0.3017578125 0.8377491906250001 0.2939453125 0.8432246765625001 0.2841796875 0.8432246765625001 0.2724609375 0.8404869343750001 0.2705078125 0.8404869343750001 0.2587890625 0.8226916093750001 0.2421875 0.8172161234375 0.240234375 0.792576440625 0.240234375 0.77341224375 0.2265625 0.767936759375 0.2265625 0.7665678875 0.2353515625 0.7720433718749999 0.2412109375 0.7720433718749999 0.2470703125 0.7487725625 0.259765625 0.7296083640625 0.259765625 0.7186573953125001 0.263671875 0.71455078125 0.2666015625 0.7172885234375 0.2744140625 0.7104441671874999 0.275390625 0.699493196875 0.28515625 0.68306674375 0.2890625 0.668009159375 0.2998046875 0.668009159375 0.3037109375 0.6570581890625 0.3154296875 0.654320446875 0.3291015625 0.6625336734375 0.3369140625 0.6625336734375 0.3408203125 0.6803290015625 0.3515625 0.715919653125 0.353515625 0.7186573953125001 0.35546875 0.7720433718749999 0.3564453125 0.7898386984375 0.3515625 0.813109509375 0.3349609375 0.8158472515625 0.3291015625 0.8240604796875 0.3232421875
2 0.9226192078125001 0.2314453125 0.9171437234375001 0.2158203125 0.9089304953124999 0.2041015625 0.899348396875 0.197265625 0.87333984375 0.1884765625 0.867864359375 0.1826171875 0.87333984375 0.1787109375 0.871970971875 0.17578125 0.8445935484374999 0.177734375 0.82816709375 0.18359375 0.8213227375000001 0.1806640625 0.8295359640625 0.1748046875 0.82816709375 0.171875 0.8226916093750001 0.171875 0.8172161234375 0.17578125 0.8035274109375001 0.17578125 0.8021585390625001 0.1923828125 0.8076340249999999 0.1982421875 0.8048962828124999 0.2099609375 0.813109509375 0.2138671875 0.8076340249999999 0.2197265625 0.8076340249999999 0.2255859375 0.8199538656250001 0.234375 0.8309048359375 0.23828125 0.8432246765625001 0.2509765625 0.8459624187499999 0.2666015625 0.8514379046875 0.2763671875 0.8514379046875 0.2880859375 0.8582822609375 0.29296875 0.87333984375 0.2919921875 0.9020861390625001 0.28125 0.9171437234375001 0.2685546875 0.9226192078125001 0.2490234375 0.9226192078125001 0.2314453125
2 0.85965113125 0.4287109375 0.867864359375 0.4091796875 0.867864359375 0.3916015625 0.8582822609375 0.3828125 0.8363803203125 0.373046875 0.8254293515625 0.37109375 0.8213227375000001 0.3759765625 0.8213227375000001 0.3857421875 0.8103717671874999 0.3935546875 0.8103717671874999 0.4169921875 0.8062651531249999 0.419921875 0.8076340249999999 0.3955078125 0.799420796875 0.3837890625 0.7761499859375001 0.3671875 0.765199015625 0.36328125 0.73508385 0.361328125 0.7241328796875 0.357421875 0.699493196875 0.357421875 0.6775912578125001 0.36328125 0.6515827046875 0.3798828125 0.643369478125 0.3955078125 0.643369478125 0.4130859375 0.6461072203125 0.4208984375 0.654320446875 0.4248046875 0.654320446875 0.4287109375 0.6666402875 0.4375 0.674853515625 0.44140625 0.6858044859375 0.439453125 0.7186573953125001 0.44140625 0.7487725625 0.455078125 0.767936759375 0.451171875 0.7665678875 0.4599609375 0.7706745015625 0.46484375 0.781625471875 0.46875 0.7966830546875 0.4677734375 0.8062651531249999 0.466796875 0.82816709375 0.458984375 0.8487001624999999 0.4423828125 0.85965113125 0.4287109375
2 0.6173609234375 0.419921875 0.595458984375 0.41796875 0.5667126890625 0.4580078125 0.5393352640625 0.4853515625 0.5393352640625 0.4892578125 0.5708193031250001 0.5078125 0.615992053125 0.5107421875 0.6378939921875 0.4970703125 0.640631734375 0.4716796875 0.654320446875 0.4462890625 0.6173609234375 0.419921875
2 0.9226192078125001 0.4970703125 0.9048238812499999 0.505859375 0.8938729125 0.5078125 0.8473312906249999 0.505859375 0.8240604796875 0.4970703125 0.833642578125 0.49609375 0.8582822609375 0.50390625 0.861020003125 0.501953125 0.8664954874999999 0.50390625 0.8829219421875001 0.50390625 0.885659684375 0.501953125 0.899348396875 0.50390625 0.9061927531249999 0.4990234375 0.9171437234375001 0.4794921875 0.9116682375 0.4658203125 0.899348396875 0.458984375 0.8938729125 0.458984375 0.885659684375 0.466796875 0.85554451875 0.48046875 0.833642578125 0.484375 0.8172161234375 0.4921875 0.795314184375 0.4921875 0.7912075703125 0.4951171875 0.799420796875 0.5107421875 0.8103717671874999 0.5146484375 0.8076340249999999 0.5224609375 0.81447838125 0.525390625 0.8226916093750001 0.525390625 0.833642578125 0.521484375 0.8432246765625001 0.5283203125 0.854175646875 0.5498046875 0.8706021015625 0.5517578125 0.9075616234374999 0.5390625 0.9226192078125001 0.5283203125 0.92535695 0.5244140625 0.9226192078125001 0.4970703125
2 0.8842908140624999 0.5908203125 0.8651266156249999 0.5673828125 0.8569133890625 0.5517578125 0.8514379046875 0.5478515625 0.8404869343750001 0.5263671875 0.8363803203125 0.5234375 0.82816709375 0.5234375 0.81447838125 0.529296875 0.774781115625 0.5576171875 0.7638301453125 0.5751953125 0.7638301453125 0.5830078125 0.7775188578125001 0.5908203125 0.7775188578125001 0.5966796875 0.8048962828124999 0.6181640625 0.8090028953124999 0.6328125 0.8500690328125 0.640625 0.8897662984375 0.6396484375 0.90071726875 0.6337890625 0.90071726875 0.6279296875 0.8842908140624999 0.5966796875 0.8842908140624999 0.5908203125
2 0.933570178125 0.6787109375 0.9308324359375 0.6611328125 0.9048238812499999 0.64453125 0.8801842000000001 0.642578125 0.85554451875 0.650390625 0.8363803203125 0.66015625 0.8076340249999999 0.6826171875 0.8021585390625001 0.6884765625 0.799420796875 0.6982421875 0.813109509375 0.7236328125 0.8309048359375 0.734375 0.852806775 0.7421875 0.8747087140625001 0.744140625 0.8938729125 0.75 0.9061927531249999 0.7490234375 0.93220130625 0.736328125 0.9417834046875001 0.7275390625 0.9445211468749999 0.6962890625 0.933570178125 0.6787109375
2 0.999275996875 0.6787109375 0.98695615625 0.671875 0.9349390484375 0.6640625 0.9363079203125 0.6826171875 0.9445211468749999 0.6962890625 0.9445211468749999 0.7158203125 0.9363079203125 0.7373046875 0.9404145343750001 0.740234375 0.960947603125 0.7392578125 0.9760051859375001 0.736328125 0.999275996875 0.7216796875 1 0.7119140625 0.999275996875 0.6787109375
2 0.999275996875 0.6162109375 1 0.6142578125 0.999275996875 0.6123046875 0.999275996875 0.6025390625 1 0.6005859375 0.999275996875 0.5966796875 0.999275996875 0.5712890625 1 0.5693359375 0.999275996875 0.5400390625 0.967791959375 0.5390625 0.9582098609375 0.5439453125 0.9582098609375 0.5537109375 0.954103246875 0.556640625 0.9431522765624999 0.5546875 0.9390456625000001 0.5576171875 0.9363079203125 0.5712890625 0.9499966328125 0.5732421875 0.9431522765624999 0.578125 0.9349390484375 0.578125 0.92535695 0.5830078125 0.9226192078125001 0.6103515625 0.92809469375 0.6162109375 0.92809469375 0.6298828125 0.9431522765624999 0.646484375 0.967791959375 0.65234375 0.999275996875 0.6513671875 0.999275996875 0.6337890625 1 0.6318359375 0.999275996875 0.6279296875 0.999275996875 0.6162109375
2 0.999275996875 0.2685546875 0.9787429281250001 0.26171875 0.9458900187499999 0.265625 0.913037109375 0.275390625 0.895241784375 0.2880859375 0.8815530703125001 0.3193359375 0.8815530703125001 0.3388671875 0.9061927531249999 0.3720703125 0.93220130625 0.38671875 0.9554721171875 0.3857421875 0.9787429281250001 0.384765625 0.992431640625 0.380859375 0.999275996875 0.3759765625 0.999275996875 0.2685546875
2 0.9979071265625 0.41015625 0.9814806703125001 0.4140625 0.9582098609375 0.4287109375 0.9472588890625 0.4462890625 0.9472588890625 0.4638671875 0.9445211468749999 0.4658203125 0.9554721171875 0.4853515625 0.9623164734375 0.490234375 0.992431640625 0.501953125 0.9965382546875 0.5009765625 0.999275996875 0.4990234375 0.999275996875 0.4150390625 1 0.4130859375 0.9979071265625 0.41015625
2 0.9623164734375 0.3984375 0.9226192078125001 0.4072265625 0.9226192078125001 0.4130859375 0.9349390484375 0.416015625 0.9472588890625 0.4267578125 0.9499966328125 0.4345703125 0.952734375 0.4345703125 0.9814806703125001 0.4140625 0.999275996875 0.4091796875 0.9979071265625 0.3984375 0.9623164734375 0.3984375
2 0.6597959312499999 0.5576171875 0.6597959312499999 0.5498046875 0.640631734375 0.5322265625 0.640631734375 0.5166015625 0.6378939921875 0.5068359375 0.633787378125 0.50390625 0.6283118937500001 0.50390625 0.61051656875 0.5166015625 0.5804014015625001 0.5458984375 0.5804014015625001 0.5517578125 0.595458984375 0.556640625 0.6132543109374999 0.5712890625 0.6214675375 0.5869140625 0.6296807656250001 0.5869140625 0.63515625 0.5810546875 0.6378939921875 0.5712890625 0.65568931875 0.568359375 0.6597959312499999 0.5576171875
2 0.10814082656249999 0.412109375 0.098558728125 0.4248046875 0.09445211406250001 0.427734375 0.0889766296875 0.427734375 0.07939453125 0.4365234375 0.07939453125 0.4638671875 0.09445211406250001 0.48046875 0.0999276 0.482421875 0.1095096984375 0.4814453125 0.12046066875000001 0.4677734375 0.13688712187500002 0.4541015625 0.112247440625 0.4287109375 0.10814082656249999 0.412109375
2 0.1697400328125 0.4814453125 0.146469221875 0.4609375 0.1355182515625 0.458984375 0.12046066875000001 0.4677734375 0.1095096984375 0.4814453125 0.1095096984375 0.4892578125 0.12456728125000001 0.5 0.139624865625 0.4990234375 0.17932213125000002 0.498046875 0.1834287453125 0.4951171875 0.1834287453125 0.4892578125 0.1697400328125 0.4814453125
2 0.5790325296875001 0.796875 0.5804014015625001 0.7939453125 0.5571305890625 0.775390625 0.5489173625 0.7734375 0.5242776796874999 0.759765625 0.51058896875 0.7578125 0.4996379984375 0.751953125 0.4763671875 0.7333984375 0.47362944531249995 0.7255859375 0.4667850890625 0.724609375 0.45994073281250003 0.7392578125 0.462678475 0.7431640625 0.45994073281250003 0.7529296875 0.462678475 0.7548828125 0.462678475 0.7685546875 0.47089170312500006 0.7802734375 0.48321154374999997 0.7890625 0.4941625140625 0.787109375 0.4996379984375 0.79296875 0.5133267109374999 0.796875 0.516064453125 0.80078125 0.5256465515625 0.7998046875 0.53522865 0.794921875 0.5489173625 0.798828125 0.5516551046875 0.796875 0.5790325296875001 0.796875
2 0.409292496875 0.166015625 0.3956037859375 0.171875 0.375070715625 0.1845703125 0.36959523125 0.1923828125 0.3668574890625 0.2060546875 0.377808459375 0.2236328125 0.38328394375 0.2255859375 0.4270878234375 0.1865234375 0.42435008124999996 0.1806640625 0.4257189515625 0.1640625 0.409292496875 0.166015625