2 0.283203125 0.4560546875 0.28076171875 0.4248046875 0.2685546875 0.4052734375 0.240478515625 0.3828125 0.211181640625 0.375 0.172119140625 0.376953125 0.147705078125 0.388671875 0.11962890625 0.4169921875 0.10498046875 0.4521484375 0.1025390625 0.5029296875 0.10986328125 0.5224609375 0.123291015625 0.53515625 0.142822265625 0.54296875 0.1806640625 0.5439453125 0.220947265625 0.53125 0.26123046875 0.5009765625 0.2783203125 0.4755859375 0.283203125 0.4560546875
2 0.4248046875 0.7001953125 0.42724609375 0.6708984375 0.411376953125 0.671875 0.401611328125 0.669921875 0.39794921875 0.6650390625 0.408935546875 0.658203125 0.428466796875 0.65625 0.4345703125 0.6474609375 0.43212890625 0.6376953125 0.401611328125 0.607421875 0.382080078125 0.59765625 0.362548828125 0.59375 0.303955078125 0.599609375 0.255126953125 0.6171875 0.24169921875 0.6259765625 0.22705078125 0.6572265625 0.224609375 0.6728515625 0.23193359375 0.6982421875 0.26123046875 0.7294921875 0.289306640625 0.748046875 0.33203125 0.7568359375 0.360107421875 0.755859375 0.389404296875 0.744140625 0.41015625 0.7275390625 0.4248046875 0.7001953125
2 0.3369140625 0.5009765625 0.3271484375 0.4853515625 0.31005859375 0.4736328125 0.322265625 0.4443359375 0.318603515625 0.439453125 0.29296875 0.4560546875 0.26123046875 0.5029296875 0.230712890625 0.52734375 0.184326171875 0.544921875 0.1416015625 0.5458984375 0.13916015625 0.5595703125 0.157470703125 0.58203125 0.191650390625 0.591796875 0.22216796875 0.5927734375 0.279541015625 0.58203125 0.299072265625 0.57421875 0.33935546875 0.5361328125 0.3369140625 0.5009765625
2 0.283203125 0.3447265625 0.264892578125 0.3359375 0.218505859375 0.30078125 0.198974609375 0.30078125 0.159912109375 0.3125 0.1513671875 0.3212890625 0.1416015625 0.3466796875 0.13671875 0.3896484375 0.140380859375 0.392578125 0.169677734375 0.376953125 0.225830078125 0.376953125 0.252685546875 0.388671875 0.2783203125 0.4150390625 0.28076171875 0.4248046875 0.2880859375 0.4267578125 0.30029296875 0.4150390625 0.302734375 0.3916015625 0.2978515625 0.3662109375 0.283203125 0.3447265625
2 0.369873046875 0.26953125 0.42236328125 0.2666015625 0.4248046875 0.2451171875 0.419921875 0.2314453125 0.396728515625 0.212890625 0.372314453125 0.20703125 0.330810546875 0.20703125 0.284423828125 0.21484375 0.242919921875 0.240234375 0.240478515625 0.248046875 0.233154296875 0.24609375 0.218505859375 0.25 0.19775390625 0.2705078125 0.1904296875 0.2919921875 0.194091796875 0.30078125 0.228271484375 0.298828125 0.244140625 0.3193359375 0.267333984375 0.3359375 0.291748046875 0.34375 0.31005859375 0.3427734375 0.31494140625 0.3154296875 0.32958984375 0.2939453125 0.343017578125 0.283203125 0.369873046875 0.26953125
2 0.235595703125 0.2421875 0.28564453125 0.2119140625 0.255126953125 0.181640625 0.228271484375 0.173828125 0.186767578125 0.177734375 0.157470703125 0.19140625 0.13427734375 0.2177734375 0.12451171875 0.2548828125 0.12451171875 0.2880859375 0.150146484375 0.310546875 0.1611328125 0.3095703125 0.185546875 0.2998046875 0.1953125 0.2705078125 0.220947265625 0.24609375 0.235595703125 0.2421875
2 0.091552734375 0.427734375 0.076904296875 0.427734375 0.0341796875 0.4521484375 0.02685546875 0.5224609375 0.029296875 0.5380859375 0.0439453125 0.5673828125 0.059814453125 0.576171875 0.07080078125 0.5751953125 0.1025390625 0.5205078125 0.10009765625 0.4716796875 0.107421875 0.4365234375 0.091552734375 0.427734375
2 0.24169921875 0.6181640625 0.263671875 0.5927734375 0.260009765625 0.587890625 0.208740234375 0.59765625 0.181884765625 0.607421875 0.166015625 0.6181640625 0.15625 0.6474609375 0.15625 0.6689453125 0.166015625 0.6787109375 0.191650390625 0.666015625 0.220947265625 0.6640625 0.22705078125 0.6591796875 0.24169921875 0.6181640625
2 0.374755859375 0.76953125 0.313720703125 0.76953125 0.291748046875 0.759765625 0.262451171875 0.732421875 0.252685546875 0.732421875 0.2099609375 0.7490234375 0.213623046875 0.755859375 0.257568359375 0.77734375 0.303955078125 0.810546875 0.321044921875 0.818359375 0.33447265625 0.8193359375 0.352783203125 0.814453125 0.37109375 0.7978515625 0.37841796875 0.7822265625 0.374755859375 0.76953125
2 0.49072265625 0.7529296875 0.479736328125 0.740234375 0.433349609375 0.744140625 0.38330078125 0.7646484375 0.380859375 0.7978515625 0.36376953125 0.8330078125 0.377197265625 0.84375 0.399169921875 0.8515625 0.43701171875 0.8525390625 0.4541015625 0.8466796875 0.44921875 0.8349609375 0.45166015625 0.8212890625 0.49072265625 0.7529296875
2 0.68603515625 0.7705078125 0.68603515625 0.7548828125 0.6787109375 0.7392578125 0.657958984375 0.72265625 0.650634765625 0.72265625 0.64208984375 0.7294921875 0.6298828125 0.7529296875 0.615234375 0.7685546875 0.565185546875 0.798828125 0.552978515625 0.798828125 0.5517578125 0.7939453125 0.59814453125 0.7529296875 0.61767578125 0.7197265625 0.611572265625 0.712890625 0.589599609375 0.71484375 0.56884765625 0.7236328125 0.56640625 0.7509765625 0.557861328125 0.759765625 0.5517578125 0.7568359375 0.55419921875 0.7294921875 0.550537109375 0.7265625 0.498046875 0.7587890625 0.4833984375 0.7919921875 0.49072265625 0.8173828125 0.509033203125 0.83203125 0.56396484375 0.8330078125 0.628662109375 0.8203125 0.653076171875 0.810546875 0.67626953125 0.7900390625 0.68603515625 0.7705078125
2 0.79833984375 0.7666015625 0.7861328125 0.7333984375 0.760498046875 0.708984375 0.733642578125 0.693359375 0.660400390625 0.701171875 0.654296875 0.7197265625 0.68115234375 0.7412109375 0.6884765625 0.7646484375 0.68115234375 0.7861328125 0.67138671875 0.7958984375 0.6787109375 0.8037109375 0.670166015625 0.806640625 0.667724609375 0.802734375 0.654296875 0.8154296875 0.665283203125 0.81640625 0.694580078125 0.806640625 0.740966796875 0.779296875 0.74951171875 0.7900390625 0.7373046875 0.8037109375 0.732421875 0.8193359375 0.72265625 0.8271484375 0.7275390625 0.8310546875 0.740966796875 0.830078125 0.765380859375 0.8203125 0.79833984375 0.7861328125 0.79833984375 0.7666015625
2 0.80078125 0.6435546875 0.80322265625 0.6103515625 0.7958984375 0.5791015625 0.78125 0.5537109375 0.750732421875 0.53515625 0.692138671875 0.533203125 0.672607421875 0.541015625 0.65673828125 0.5537109375 0.6494140625 0.5732421875 0.65185546875 0.6044921875 0.6396484375 0.6279296875 0.6103515625 0.6572265625 0.621337890625 0.673828125 0.628662109375 0.677734375 0.643310546875 0.673828125 0.665283203125 0.693359375 0.703125 0.6943359375 0.748291015625 0.6875 0.784912109375 0.671875 0.79345703125 0.6630859375 0.80078125 0.6435546875
2 0.6298828125 0.6064453125 0.6201171875 0.5927734375 0.6298828125 0.5830078125 0.625 0.5693359375 0.606689453125 0.5546875 0.584716796875 0.548828125 0.548095703125 0.544921875 0.499267578125 0.546875 0.487060546875 0.552734375 0.458984375 0.5791015625 0.458984375 0.6181640625 0.482177734375 0.642578125 0.4931640625 0.6416015625 0.48095703125 0.6513671875 0.484619140625 0.654296875 0.506591796875 0.6640625 0.5224609375 0.6650390625 0.511474609375 0.671875 0.545654296875 0.669921875 0.548095703125 0.67578125 0.55908203125 0.6748046875 0.582275390625 0.66796875 0.615234375 0.6455078125 0.6298828125 0.6162109375 0.6298828125 0.6064453125
2 0.47119140625 0.4970703125 0.4638671875 0.4775390625 0.438232421875 0.453125 0.418701171875 0.443359375 0.362548828125 0.431640625 0.333251953125 0.435546875 0.322265625 0.4443359375 0.3125 0.4716796875 0.33203125 0.4892578125 0.33935546875 0.5048828125 0.33935546875 0.5224609375 0.355224609375 0.52734375 0.411376953125 0.521484375 0.41259765625 0.5263671875 0.399169921875 0.54296875 0.377197265625 0.546875 0.374755859375 0.5390625 0.355224609375 0.5390625 0.347900390625 0.546875 0.330810546875 0.548828125 0.32958984375 0.5556640625 0.347900390625 0.56640625 0.4052734375 0.5791015625 0.430908203125 0.572265625 0.46142578125 0.5458984375 0.47119140625 0.5205078125 0.47119140625 0.4970703125
2 0.80322265625 0.4462890625 0.78857421875 0.4111328125 0.76171875 0.3740234375 0.736083984375 0.361328125 0.694580078125 0.359375 0.660400390625 0.380859375 0.625 0.4130859375 0.61279296875 0.4404296875 0.61279296875 0.4658203125 0.625 0.4853515625 0.653076171875 0.505859375 0.716552734375 0.517578125 0.7373046875 0.5166015625 0.770263671875 0.5078125 0.78369140625 0.4970703125 0.80078125 0.4755859375 0.80322265625 0.4462890625
2 0.59814453125 0.4462890625 0.58837890625 0.4150390625 0.57861328125 0.4013671875 0.572509765625 0.396484375 0.555419921875 0.396484375 0.545654296875 0.400390625 0.52490234375 0.4208984375 0.52490234375 0.4423828125 0.517578125 0.4443359375 0.5126953125 0.4580078125 0.51513671875 0.4775390625 0.52734375 0.4853515625 0.52978515625 0.5009765625 0.552978515625 0.529296875 0.574951171875 0.5390625 0.625 0.5400390625 0.64697265625 0.5283203125 0.6494140625 0.5087890625 0.6201171875 0.4814453125 0.59814453125 0.4462890625
2 0.888671875 0.3564453125 0.87646484375 0.3369140625 0.836181640625 0.302734375 0.802001953125 0.29296875 0.762939453125 0.29296875 0.738525390625 0.302734375 0.72021484375 0.3173828125 0.71044921875 0.3330078125 0.7080078125 0.3544921875 0.723876953125 0.361328125 0.738525390625 0.361328125 0.7666015625 0.3779296875 0.79345703125 0.4189453125 0.8056640625 0.4521484375 0.8203125 0.4521484375 0.850830078125 0.4453125 0.8740234375 0.4287109375 0.89111328125 0.3896484375 0.888671875 0.3564453125
2 0.732421875 0.3076171875 0.72265625 0.2666015625 0.712890625 0.2490234375 0.697021484375 0.234375 0.684814453125 0.234375 0.655517578125 0.248046875 0.64208984375 0.2568359375 0.62744140625 0.2783203125 0.6298828125 0.3212890625 0.660400390625 0.3515625 0.67138671875 0.3505859375 0.684814453125 0.341796875 0.704345703125 0.337890625 0.71533203125 0.3212890625 0.732421875 0.3076171875
2 0.62744140625 0.2763671875 0.615234375 0.2490234375 0.5810546875 0.2138671875 0.531005859375 0.19921875 0.52001953125 0.2041015625 0.52978515625 0.2333984375 0.52734375 0.2529296875 0.517578125 0.2646484375 0.517578125 0.2744140625 0.54443359375 0.2998046875 0.546875 0.3232421875 0.5419921875 0.3232421875 0.531005859375 0.30078125 0.52001953125 0.3154296875 0.5078125 0.3232421875 0.5078125 0.3330078125 0.5224609375 0.3583984375 0.528564453125 0.359375 0.543212890625 0.326171875 0.54931640625 0.3447265625 0.5419921875 0.3642578125 0.5615234375 0.3642578125 0.596923828125 0.353515625 0.61767578125 0.3388671875 0.62744140625 0.3193359375 0.62744140625 0.2763671875
2 0.65185546875 0.2060546875 0.638427734375 0.1953125 0.614013671875 0.18359375 0.584716796875 0.181640625 0.53955078125 0.1982421875 0.577392578125 0.2109375 0.61767578125 0.2509765625 0.625 0.2705078125 0.63232421875 0.2705078125 0.6396484375 0.2587890625 0.6591796875 0.2451171875 0.65185546875 0.2255859375 0.65185546875 0.2060546875
2 0.611572265625 0.1796875 0.616455078125 0.177734375 0.6298828125 0.1630859375 0.63720703125 0.1337890625 0.596923828125 0.109375 0.562744140625 0.10546875 0.528564453125 0.10546875 0.484619140625 0.111328125 0.455322265625 0.123046875 0.44189453125 0.1337890625 0.44189453125 0.1572265625 0.44921875 0.1728515625 0.465087890625 0.1796875 0.487060546875 0.166015625 0.511474609375 0.185546875 0.517578125 0.1845703125 0.548095703125 0.169921875 0.560302734375 0.16796875 0.584716796875 0.169921875 0.611572265625 0.1796875
2 0.52978515625 0.2294921875 0.5126953125 0.1884765625 0.484619140625 0.166015625 0.46142578125 0.1865234375 0.45166015625 0.2158203125 0.43212890625 0.2353515625 0.4296875 0.2685546875 0.455322265625 0.279296875 0.465087890625 0.2890625 0.49072265625 0.2900390625 0.498046875 0.2744140625 0.513916015625 0.271484375 0.52490234375 0.2568359375 0.52978515625 0.2294921875
2 0.98876953125 0.5498046875 0.986328125 0.5302734375 0.966796875 0.4853515625 0.941162109375 0.470703125 0.914306640625 0.47265625 0.888671875 0.4970703125 0.8642578125 0.5322265625 0.8642578125 0.5576171875 0.8837890625 0.6220703125 0.894775390625 0.634765625 0.91552734375 0.6337890625 0.948486328125 0.62109375 0.966796875 0.6044921875 0.9814453125 0.5810546875 0.98876953125 0.5498046875
2 0.83251953125 0.6611328125 0.809326171875 0.64453125 0.80078125 0.6474609375 0.80078125 0.6650390625 0.810546875 0.6962890625 0.802001953125 0.693359375 0.791015625 0.7080078125 0.7763671875 0.7177734375 0.78857421875 0.7373046875 0.80078125 0.7802734375 0.8056640625 0.7802734375 0.8349609375 0.7587890625 0.85205078125 0.7353515625 0.849609375 0.7080078125 0.83251953125 0.6611328125
2 0.347900390625 0.15234375 0.3173828125 0.1787109375 0.31494140625 0.2041015625 0.318603515625 0.20703125 0.360107421875 0.205078125 0.4052734375 0.2119140625 0.41015625 0.2080078125 0.41015625 0.1787109375 0.374755859375 0.15625 0.347900390625 0.15234375