2 0.4609375 0.38768458125 0.470703125 0.3563916546875 0.470703125 0.3250987296875 0.462890625 0.2903288125 0.4384765625 0.25034340624999996 0.4052734375 0.2260044640625 0.3916015625 0.2260044640625 0.3662109375 0.2468664140625 0.353515625 0.272943853125 0.34375 0.3250987296875 0.34375 0.39811555625 0.3662109375 0.44853193750000003 0.3779296875 0.4554859203125 0.40234375 0.457224415625 0.4248046875 0.4450549453125 0.4365234375 0.4346239703125 0.4453125 0.41897750624999996 0.4609375 0.38768458125
2 0.5302734375 0.1599416203125 0.4892578125 0.1668956046875 0.4814453125 0.17384958749999999 0.466796875 0.2034040171875 0.45703125 0.23469694375 0.458984375 0.272943853125 0.466796875 0.29380580312500004 0.47265625 0.3320527125 0.4794921875 0.333791209375 0.4892578125 0.3233602328125 0.5068359375 0.326837225 0.5185546875 0.3372682 0.5341796875 0.3407451921875 0.5478515625 0.3581301515625 0.552734375 0.3563916546875 0.5859375 0.29380580312500004 0.587890625 0.2277429609375 0.5634765625 0.180803571875 0.5302734375 0.1599416203125
2 0.5400390625 0.3476991765625 0.5322265625 0.3407451921875 0.5224609375 0.3407451921875 0.4990234375 0.326837225 0.4873046875 0.326837225 0.47265625 0.3459606796875 0.4609375 0.39811555625 0.4814453125 0.4172390109375 0.4912109375 0.4346239703125 0.5048828125 0.44853193750000003 0.529296875 0.5059023015624999 0.529296875 0.53024124375 0.5390625 0.53024124375 0.5546875 0.5163332765625 0.5703125 0.4711323828125 0.564453125 0.3946385640625 0.5400390625 0.3476991765625
2 0.501953125 0.6032580703125 0.505859375 0.5928270953125 0.5 0.5545801859374999 0.486328125 0.5059023015624999 0.4658203125 0.46591689531249997 0.4580078125 0.4589629125 0.4306640625 0.4589629125 0.4248046875 0.46591689531249997 0.4091796875 0.4589629125 0.3916015625 0.46591689531249997 0.380859375 0.48504034999999995 0.37109375 0.523287259375 0.37109375 0.5371952265625 0.38671875 0.5893501031249999 0.421875 0.6380279875 0.4130859375 0.643243475 0.412109375 0.6519359546875 0.4052734375 0.6571514421875 0.40234375 0.665843921875 0.4091796875 0.6675824171875 0.412109375 0.6797518890625 0.4189453125 0.68844436875 0.4345703125 0.6988753437499999 0.455078125 0.7006138390625 0.4814453125 0.6745364015625 0.49609375 0.6484589625 0.501953125 0.6275970125 0.501953125 0.6032580703125
2 0.607421875 0.6554129468750001 0.603515625 0.6380279875 0.587890625 0.6136890453125 0.58984375 0.6067350625000001 0.5654296875 0.5667496562500001 0.5537109375 0.55631868125 0.5302734375 0.5493646984375 0.521484375 0.5963040859375 0.501953125 0.6275970125 0.49609375 0.6519359546875 0.4814453125 0.6780133921875 0.4736328125 0.681490384375 0.466796875 0.69365985625 0.466796875 0.70409083125 0.490234375 0.73538375625 0.4921875 0.7562457078125 0.50390625 0.7979696078125 0.5185546875 0.8275240390624999 0.5400390625 0.844908996875 0.5595703125 0.85186298125 0.57421875 0.850124484375 0.5908203125 0.834478021875 0.609375 0.7979696078125 0.61328125 0.7006138390625 0.607421875 0.6554129468750001
2 0.6640625 0.6032580703125 0.6357421875 0.54588770625 0.6083984375 0.5215487640625 0.5986328125 0.5215487640625 0.595703125 0.5267642515625 0.595703125 0.5476262015625 0.578125 0.58239611875 0.591796875 0.6032580703125 0.595703125 0.620643028125 0.607421875 0.6484589625 0.619140625 0.665843921875 0.625 0.6901828640625001 0.638671875 0.7179987984375 0.6533203125 0.6988753437499999 0.6640625 0.6727979046875 0.666015625 0.644981971875 0.6640625 0.6032580703125
2 0.7060546875 0.3581301515625 0.6904296875 0.3476991765625 0.6689453125 0.38246909375000004 0.6455078125 0.39290006875 0.6298828125 0.39290006875 0.625 0.4015925484375 0.6171875 0.4433164484375 0.615234375 0.48504034999999995 0.6279296875 0.507640796875 0.6337890625 0.5111177890625 0.6435546875 0.4937328296875 0.6787109375 0.4798248625 0.7060546875 0.5006868124999999 0.7138671875 0.5145947796875 0.72265625 0.512856284375 0.73828125 0.48156335781250004 0.740234375 0.425931490625 0.73828125 0.41550051562499996 0.7060546875 0.3581301515625
2 0.703125 0.25903588593750004 0.69921875 0.23469694375 0.6845703125 0.20861950624999998 0.6552734375 0.19123454687500002 0.6337890625 0.19123454687500002 0.6142578125 0.1981885296875 0.58984375 0.23469694375 0.5859375 0.3007597875 0.6064453125 0.365084134375 0.6298828125 0.3894230765625 0.6484375 0.38768458125 0.6728515625 0.375515109375 0.689453125 0.3424836875 0.703125 0.2868518203125 0.703125 0.25903588593750004
2 0.716796875 0.6171660375 0.712890625 0.6067350625000001 0.6982421875 0.5876116078125 0.6845703125 0.5806576234375 0.671875 0.5858731109375 0.673828125 0.6032580703125 0.66796875 0.6275970125 0.6640625 0.6762748968750001 0.6474609375 0.70930631875 0.63671875 0.7214757890625 0.634765625 0.73538375625 0.6416015625 0.7892771296875 0.689453125 0.7875386328125 0.720703125 0.742337740625 0.724609375 0.6797518890625 0.716796875 0.6380279875 0.716796875 0.6171660375
2 0.7080078125 0.5041638046875 0.6845703125 0.48330185468750003 0.6689453125 0.48330185468750003 0.6416015625 0.497209821875 0.634765625 0.5163332765625 0.6513671875 0.5424107140625 0.6533203125 0.538933721875 0.6728515625 0.5424107140625 0.6845703125 0.5493646984375 0.705078125 0.5754421359374999 0.70703125 0.5893501031249999 0.71875 0.6171660375 0.720703125 0.6519359546875 0.7265625 0.6554129468750001 0.740234375 0.620643028125 0.7421875 0.5928270953125 0.740234375 0.5580571765625 0.7080078125 0.5041638046875
2 0.5986328125 0 0.59765625 0.0052154875 0.6064453125 0.02086195 0.6533203125 0.08692479374999999 0.701171875 0.1721110921875 0.734375 0.2381739359375 0.78125 0.3459606796875 0.791015625 0.380730596875 0.8154296875 0.3616071421875 0.8330078125 0.3581301515625 0.8876953125 0.326837225 0.9091796875 0.3024982828125 0.91796875 0.28337482812500003 0.87109375 0.1442951578125 0.857421875 0.119956215625 0.8125 0.0156464625 0.7998046875 0 0.5986328125 0