0 0.23203125 0.79453125 0.4640625 0.4109375
0 0.73359375 0.7921875 0.50703125 0.40625
0 0.44453125 0.50234375 0.16171875 0.12265625
0 0.1953125 0.49375 0.15546875 0.115625
0 0.0953125 0.38515625 0.1828125 0.13828125
0 0.5421875 0.32890625 0.09453125 0.07578125
0 0.36953125 0.2703125 0.08203125 0.06953125
0 0.26953125 0.28046875 0.08125 0.0734375
0 0.3046875 0.22734375 0.046875 0.0421875
0 0.40078125 0.22421875 0.09140625 0.059375
0 0.3046875 0.18046875 0.04140625 0.02890625
0 0.21953125 0.17734375 0.07734375 0.046875
0 0.4453125 0.16640625 0.15078125 0.08984375
0 0.77109375 0.38359375 0.1515625 0.115625
0 0.940625 0.40625 0.11875 0.09375
0 0.94765625 0.30390625 0.1046875 0.1296875
0 0.93671875 0.2171875 0.11484375 0.08984375
0 0.9421875 0.13984375 0.115625 0.1078125
0 0.08515625 0.1765625 0.15703125 0.07890625