2 0.3650531546875 0.1259765640625 0.2698785828125 0.06640625156249999 0.22294317968750002 0.0625 0.2007792375 0.2001953125 0.2711823453125 0.3798828109375 0.37809076875000003 0.5732421890625 0.41198856250000004 0.6748046875 0.4654427734375 0.7226562515625 0.5162894640625 0.7294921890625 0.5632248718749999 0.7041015640625 0.5788700046875 0.6416015640625 0.47717662812499995 0.3486328109375 0.3650531546875 0.1259765640625
2 0.0143413765625 0.08007812343750001 0.0026075203125 0.1884765640625 0.03389779375 0.3154296875 0.147325025 0.4042968765625 0.1981717109375 0.4208984359375 0.216424371875 0.3798828109375 0.117338515625 0.1279296875 0.071706871875 0.08007812343750001 0.0143413765625 0.08007812343750001
2 0.0091263296875 0.322265625 0.005215046875 0.4306640625 0.083440721875 0.5263671890625 0.194260428125 0.5976562515625 0.33115536562500003 0.6337890625 0.375483246875 0.6083984359375 0.34940802031249996 0.5400390625 0.1916529078125 0.4238281234375 0.0091263296875 0.322265625
2 0.5632248718749999 0.2919921890625 0.5280233140624999 0.265625 0.4784803859375 0.259765625 0.4563164484375 0.2705078109375 0.4537089234375 0.2958984359375 0.5475797375 0.5126953125 0.6401467890625 0.6132812515625 0.7118536546875001 0.6279296875 0.7587890625 0.6005859375 0.756181540625 0.5498046875 0.65970320625 0.4580078109375 0.5632248718749999 0.2919921890625
2 0.741840165625 0.2363281234375 0.6988160406249999 0.2646484359375 0.644058071875 0.3818359375 0.6466655921875 0.4345703125 0.7040310875 0.4912109375 0.8005094234374999 0.3037109375 0.8031169484375 0.2626953125 0.775737959375 0.2363281234375 0.741840165625 0.2363281234375
2 0.867001246875 0.134765625 0.7705229124999999 0.11718749843750001 0.7431439281250001 0.1728515640625 0.710549896875 0.1894531234375 0.6675257734375 0.1728515640625 0.6557919234375 0.115234375 0.4654427734375 0.11328125156249999 0.42763370156249997 0.1435546875 0.43284874218749997 0.1689453125 0.4732653453125 0.1855468765625 0.8291921703125 0.2255859375 0.8748238140625 0.21875 0.9126328921875 0.1865234359375 0.910025371875 0.1611328109375 0.867001246875 0.134765625
2 0.598426428125 0 0.6675257734375 0.09472656406249999 0.6675257734375 0.1689453125 0.7196762265625 0.1865234359375 0.7457514484375001 0.1669921890625 0.7613965874999999 0.11425781093750001 0.7692191546875 0.0048828109375 0.598426428125 0
2 0.071706871875 0 0.130376128125 0.11425781093750001 0.1929566703125 0.1865234359375 0.2059942828125 0.06738281093750001 0.2372845515625 0.0400390625 0.2268544640625 0.020507810937500003 0.2125130875 0 0.071706871875 0
2 0.0599730203125 0.7060546875 0.0573654953125 0.7529296875 0.09908585625 0.8193359375 0.26205601562499997 0.9960937484375 0.5293270765625 0.9990234359375 0.211209325 0.7802734359375 0.1264648453125 0.6953125015625 0.0925670515625 0.6835937484375 0.0599730203125 0.7060546875
2 0.64796935625 0.8007812515625 0.5853888140625 0.78125 0.507163134375 0.78125 0.2998650921875 0.8193359375 0.294650046875 0.8310546875 0.4237224125 0.916015625 0.498036809375 0.9404296875 0.6192866078125 0.9179687484375 0.6544881593749999 0.8955078109375 0.67013329375 0.8486328109375 0.64796935625 0.8007812515625
2 0.8774313406250001 0.5644531234375 0.788775571875 0.5742187484375 0.7288025515625 0.630859375 0.67143705625 0.630859375 0.59451514375 0.6552734359375 0.6349317421875 0.681640625 0.6805633859375 0.6826171890625 0.8539636343750001 0.6523437484375 0.8995952781250001 0.6103515640625 0.8969877578125001 0.5791015640625 0.8774313406250001 0.5644531234375
2 0.1590588765625 0.7138671890625 0.21903189687500002 0.7841796875 0.263359778125 0.8076171890625 0.3155102265625 0.7548828109375 0.34680049999999996 0.6357421890625 0.1916529078125 0.603515625 0.1590588765625 0.7138671890625
2 0 0.7099609375 0.018252659375 0.7119140625 0.1225535625 0.6435546875 0.135591175 0.5732421890625 0.0065188046875 0.4609374984375 0 0.7099609375
2 0.9022028046875 0.2783203125 0.8800388609375001 0.2578125015625 0.8422297828125 0.2783203125 0.7692191546875 0.4677734359375 0.756181540625 0.5322265640625 0.7692191546875 0.5693359375 0.790079334375 0.5712890625 0.8617862015625001 0.5625 0.8969877578125001 0.5009765640625 0.9126328921875 0.3681640625 0.9022028046875 0.2783203125
2 0.8761275765625 0.2412109375 0.9022028046875 0.2744140625 0.9256705046875 0.4208984359375 0.9986811390625 0.2587890625 0.9947698562499999 0.1289062515625 0.923062984375 0.1591796875 0.8761275765625 0.2412109375
2 0.9178479375 0.5947265640625 0.9986811390625 0.5009765640625 0.9973773765624999 0.2695312515625 0.8787350984375 0.5537109375 0.9178479375 0.5947265640625
2 0.9986811390625 0.6494140625 0.9947698562499999 0.515625 0.94913820625 0.5869140625 0.6857784328125 0.8212890625 0.631020459375 0.9482421890625 0.65839944375 0.9824218765625 0.6988160406249999 0.9873046875 0.7574852984375 0.96875 0.7979019015625 0.9345703125 0.923062984375 0.7861328109375 0.9986811390625 0.6494140625
2 0.7340175984374999 0.984375 0.631020459375 0.9990234359375 0.9986811390625 0.9990234359375 0.9986811390625 0.9033203125 0.9061140875 0.875 0.8643937265625 0.875 0.7340175984374999 0.984375
2 0.1877416234375 0.9990234359375 0.1825265765625 0.9267578109375 0.027378984375 0.7226562515625 0.0026075203125 0.9990234359375 0.1877416234375 0.9990234359375