2 0.302734375 0.6002123874999999 0.318359375 0.609017459375 0.2158203125 0.355137890625 0 0.5532520046875 0.0039062515625 0.9553502843749999 0.2041015640625 0.7454960703125 0.2431640625 0.7249509078124999 0.3007812515625 0.629562628125 0.302734375 0.6002123874999999
2 0.4306640625 0.0968557875 0.5585937484375 0.10419335 0.5634765640625 0 0.3828125015625 0.0014675140625 0.3925781234375 0.04549286875 0.4306640625 0.0968557875
2 0.5732421890625 0 0.572265625 0.10125832187499999 0.5976562515625 0.1951790875 0.6455078109375 0.258282103125 0.693359375 0.2656196609375 0.7177734359375 0.25534708125 0.7539062515625 0.19224406562500002 0.7578125015625 0.007337557812499999 0.5732421890625 0
2 0.8037109375 0 0.802734375 0.0983233 0.822265625 0.1775689453125 0.8486328109375 0.21425674374999998 0.9101562515625 0.218659278125 0.9384765640625 0.2083867 0.9609374984375 0.168763875 0.9863281234375 0.0044025359375 0.8037109375 0
2 0.3603515640625 0.25534708125 0.3037109375 0.237736934375 0.2578125015625 0.29496990156249997 0.244140625 0.40650080937500005 0.3115234359375 0.557654540625 0.3515625015625 0.5620570765624999 0.3798828109375 0.5459144484375 0.400390625 0.5033566015625001 0.4042968765625 0.3566054046875 0.3603515640625 0.25534708125
2 0.4208984359375 0.0997908140625 0.3681640625 0.1320760765625 0.3320312515625 0.22159430625 0.4033203125 0.2494770328125 0.4492187484375 0.374215546875 0.490234375 0.31258004375000004 0.5039062515625 0.2098542078125 0.4755859375 0.11740095625 0.4208984359375 0.0997908140625
2 0.5244140625 0.1350110984375 0.494140625 0.139413634375 0.505859375 0.28029478124999996 0.4863281234375 0.3448653109375 0.4492187484375 0.3976957375 0.4599609375 0.4197084203125 0.4863281234375 0.41824090781249995 0.5390625015625 0.374215546875 0.5761718765625 0.2685546890625 0.568359375 0.18930904375 0.5244140625 0.1350110984375
2 0.5712890625 0.17610143125 0.5761718765625 0.277359759375 0.5585937484375 0.341930284375 0.5166015640625 0.40503330000000004 0.4726562515625 0.42704597812499995 0.5039062515625 0.43585104843750005 0.5458984359375 0.41090334375 0.5957031234375 0.309645021875 0.599609375 0.24800951875 0.5712890625 0.17610143125
2 0.6064453125 0.267087175 0.5537109375 0.40503330000000004 0.4667968765625 0.4446561203125 0.4814453125 0.4901489953125 0.546875 0.4974865515625 0.5927734359375 0.46373377656250003 0.6269531234375 0.38595564531250004 0.6269531234375 0.2979049296875 0.6064453125 0.267087175
2 0.6318359375 0.29056736562499996 0.646484375 0.39182569375 0.630859375 0.453461190625 0.5771484359375 0.5165642078125 0.5273437484375 0.5297718140625001 0.5664062515625 0.54738195625 0.6298828109375 0.5077591359375 0.662109375 0.44759114687499996 0.6601562515625 0.330190190625 0.6318359375 0.29056736562499996
2 0.697265625 0.35367038281249996 0.6708984359375 0.3316577 0.650390625 0.479876409375 0.5585937484375 0.5561870328125 0.5771484359375 0.58700478125 0.609375 0.5943423390625 0.6650390625 0.5752646890625 0.7148437484375 0.4974865515625 0.7167968765625 0.40650080937500005 0.697265625 0.35367038281249996
2 0.7255859375 0.42557846406250005 0.7148437484375 0.5062916234375 0.6845703125 0.56058956875 0.6318359375 0.595809853125 0.572265625 0.5884722953125 0.6025390625 0.642770234375 0.6542968765625 0.661847890625 0.7158203125 0.6251600921875 0.7480468765625 0.567927125 0.7519531234375 0.4710713390625 0.7255859375 0.42557846406250005
2 0.7607421890625 0.446123634375 0.75 0.44759114687499996 0.755859375 0.54738195625 0.744140625 0.5884722953125 0.6738281234375 0.667717940625 0.6982421890625 0.701470715625 0.7460937484375 0.7058732515624999 0.7978515640625 0.675055496875 0.833984375 0.5943423390625 0.8164062515625 0.49161650312500005 0.7607421890625 0.446123634375
2 0.7158203125 0.7102757875 0.6630859375 0.6662504265625 0.6318359375 0.669185453125 0.6210937484375 0.7117432953125 0.646484375 0.78218386875 0.6904296875 0.824741715625 0.728515625 0.8291442515625 0.7929687484375 0.7792488468750001 0.8144531234375 0.6706529625 0.7685546875 0.7044057375 0.7158203125 0.7102757875
2 0.630859375 0.7528336343750001 0.6162109375 0.677990525 0.5664062515625 0.7616387046875001 0.5625 0.8496894203125 0.6044921890625 0.9333376015624999 0.6699218765625 0.9553502843749999 0.7255859375 0.9274675515625 0.7578125015625 0.84088435 0.6630859375 0.8071315734375 0.630859375 0.7528336343750001