0 0.0234375 0.10546875 0.046875 0.17421875
0 0.1078125 0.10390625 0.09609375 0.16171875
0 0.23046875 0.103125 0.12265625 0.1796875
0 0.34921875 0.1 0.11484375 0.18984375
0 0.46875 0.09609375 0.11484375 0.16640625
0 0.5953125 0.1015625 0.12265625 0.19765625
0 0.7265625 0.1015625 0.140625 0.19765625
0 0.84140625 0.08828125 0.1109375 0.1765625
0 0.94140625 0.10390625 0.1171875 0.2078125
0 0.0390625 0.27890625 0.078125 0.11484375
0 0.15234375 0.2796875 0.08046875 0.09140625
0 0.2875 0.28671875 0.06015625 0.125
0 0.40625 0.28125 0.109375 0.11953125
0 0.5390625 0.29140625 0.13515625 0.18203125
0 0.65859375 0.271875 0.07265625 0.11171875
0 0.7984375 0.271875 0.0703125 0.09609375
0 0.91953125 0.2734375 0.08359375 0.125
0 0.07421875 0.43984375 0.06484375 0.07265625
0 0.2046875 0.43515625 0.07578125 0.109375
0 0.33203125 0.43515625 0.06015625 0.109375
0 0.45859375 0.4390625 0.11953125 0.16953125
0 0.5953125 0.4203125 0.12265625 0.15859375
0 0.7265625 0.43359375 0.15078125 0.18515625
0 0.86484375 0.4234375 0.11953125 0.16953125
0 0.965625 0.43828125 0.06875 0.1796875
0 0.03203125 0.58359375 0.0640625 0.1484375
0 0.134375 0.615625 0.08046875 0.1328125
0 0.26328125 0.6078125 0.11484375 0.17421875
0 0.396875 0.61875 0.1171875 0.18984375
0 0.53359375 0.61875 0.13515625 0.16953125
0 0.67421875 0.61875 0.09375 0.16953125
0 0.79921875 0.61875 0.08828125 0.16953125
0 0.94140625 0.6 0.1171875 0.09140625
0 0.05703125 0.7609375 0.1140625 0.159375
0 0.18515625 0.765625 0.15625 0.17734375
0 0.33359375 0.79140625 0.14609375 0.18203125
0 0.46875 0.7828125 0.109375 0.13828125
0 0.59921875 0.7828125 0.13515625 0.17421875
0 0.73203125 0.80234375 0.140625 0.16171875
0 0.89296875 0.79453125 0.11484375 0.19765625
0 0.09921875 0.92578125 0.140625 0.1484375
0 0.24140625 0.91875 0.1359375 0.1625
0 0.390625 0.93984375 0.15625 0.1203125
0 0.53359375 0.94140625 0.109375 0.11171875
0 0.67734375 0.93046875 0.1171875 0.1390625
0 0.82578125 0.9359375 0.1328125 0.128125
0 0.9609375 0.94375 0.078125 0.1125