2 0.4111328109375 0.1672963609375 0.3564453125 0.0997908140625 0.3173828109375 0.1027258359375 0.302734375 0.18930904375 0.416015625 0.48868148125 0.5126953125 0.6574453546875 0.5537109375 0.6985356890625 0.5917968765625 0.7029382234375 0.609375 0.6559778421875 0.6015625015625 0.5943423390625 0.4960937484375 0.3272551640625 0.4111328109375 0.1672963609375
2 0.1474609375 0.29350239375 0.125 0.3331252125 0.1328125015625 0.365410475 0.1669921890625 0.39622822968750004 0.3632812515625 0.4094358359375 0.3789062515625 0.3976957375 0.3232421890625 0.2729572234375 0.1943359375 0.267087175 0.1474609375 0.29350239375
2 0.11425781093750001 0.029350240625000003 0.0537109375 0.014675120312500001 0.033203123437499996 0.030817748437499997 0.035156251562500004 0.1129984203125 0.06347656406249999 0.15555626718749999 0.1748046875 0.25534708125 0.2324218765625 0.2626846390625 0.255859375 0.245074496875 0.259765625 0.19811411406249999 0.2197265640625 0.1115309078125 0.11425781093750001 0.029350240625000003
2 0.2324218765625 0.46520128906249997 0.1806640625 0.440253584375 0.1640625015625 0.4710713390625 0.171875 0.51509669375 0.2636718765625 0.78805391875 0.3125 0.8790396609375 0.3798828109375 0.824741715625 0.384765625 0.7997940156250001 0.318359375 0.629562628125 0.2324218765625 0.46520128906249997
2 0.5634765640625 0.7278859296875 0.4443359375 0.7748463109375 0.2363281234375 0.9670903765625001 0.2431640625 0.99790813125 0.4042968765625 0.9964406171875 0.6025390625 0.8687670765625001 0.6328125015625 0.8174041578125 0.6289062515625 0.7587036781250001 0.5634765640625 0.7278859296875
2 0.6533203125 0.40503330000000004 0.6142578109375 0.3932932015625 0.599609375 0.4417210984375 0.6113281234375 0.518031721875 0.6953125015625 0.7352234859375 0.7626953125 0.8423518640625 0.8203125015625 0.8672995625000001 0.8476562515625 0.8203391796874999 0.833984375 0.7410935359375 0.6894531234375 0.45052616875 0.6533203125 0.40503330000000004
2 0.7919921890625 0.37861808125 0.7451171890625 0.3698130109375 0.728515625 0.39476071562500004 0.7324218765625 0.45933124062499997 0.8398437484375 0.63249765 0.8984374984375 0.7792488468750001 0.931640625 0.7997940156250001 0.9667968765625 0.78218386875 0.96875 0.72348339375 0.9140625015625 0.567927125 0.7919921890625 0.37861808125
2 0.8251953125 0.14381616875 0.8049586765625 0.2024341796875 0.796875 0.22159430625 0.7929687484375 0.3566054046875 0.8251953125 0.42557846406250005 0.8632812515625 0.45639621874999997 0.884765625 0.43585104843750005 0.8886718765625 0.36247545312499996 0.8574218765625 0.162893825 0.8251953125 0.14381616875
2 0.6533203125 0 0.646484375 0.06310301562500001 0.6855468765625 0.14528368281249998 0.7412109375 0.199581628125 0.7695312515625 0.2010491359375 0.7988281234375 0.162893825 0.791015625 0.1129984203125 0.7119140625 0.002935021875 0.6533203125 0
2 0.6337890625 0.1085958859375 0.4521484359375 0.173166409375 0.4375 0.21572425625 0.490234375 0.28616483125 0.6357421890625 0.2201267921875 0.6640625015625 0.186374015625 0.6679687484375 0.127673540625 0.6337890625 0.1085958859375
2 0.7294921890625 0.25534708125 0.5810546875 0.261217125 0.5068359375 0.29056736562499996 0.5 0.3331252125 0.5263671890625 0.3874231578125 0.546875 0.3888906671875 0.6943359375 0.3698130109375 0.7304687484375 0.336060234375 0.7460937484375 0.2744247375 0.7294921890625 0.25534708125
2 0.8320312515625 0.10419335 0.8662109375 0.1584912890625 1 0.2069191859375 0.9990234359375 0.088050715625 0.8818359375 0.0381553109375 0.8320312515625 0.06603803750000001 0.8320312515625 0.10419335
2 0.759765625 0.981765496875 0.7626953125 0.99790813125 0.9882812515625 0.9964406171875 1 0.9876355468750001 0.9990234359375 0.7865864046875 0.8740234359375 0.8570269843749999 0.759765625 0.981765496875
2 0.0595703125 0.5371093765625 0.020507810937500003 0.5517844921874999 0.007812501562500001 0.6060824375 0.03125 0.682393059375 0.1669921890625 0.877572146875 0.2421874984375 0.9494802343750001 0.3007812515625 0.8878447328125001 0.2617187484375 0.78805391875 0.1064453125 0.5664596125 0.0595703125 0.5371093765625
2 0 0.8232742078124999 0.0009765640625 0.99790813125 0.119140625 0.9964406171875 0.130859375 0.9494802343750001 0.10449218906249999 0.8951822890625 0.0283203125 0.82767674375 0 0.8232742078124999
2 0 0.5415119125000001 0.011718748437499999 0.5415119125000001 0.11035156406249999 0.47547387499999993 0.1582031234375 0.4094358359375 0.125 0.330190190625 0.1738281234375 0.2744247375 0.1669921890625 0.25534708125 0.1357421890625 0.237736934375 0 0.37715057343749997 0 0.5415119125000001
2 0.08593749843750001 0.8555594703124999 0.1386718765625 0.9377401359374999 0.15625 0.9964406171875 0.21875 0.9964406171875 0.2304687484375 0.9729604265624999 0.2226562515625 0.9436101859375 0.0654296875 0.739626021875 0.08593749843750001 0.8555594703124999
2 0.6259765640625 0.9538827703124999 0.583984375 0.9964406171875 0.7421874984375 0.9993756390625 0.7539062515625 0.993505590625 0.7451171890625 0.9656228640625001 0.6904296875 0.9509477484375 0.6259765640625 0.9538827703124999