0 0.28203125 0.8203125 0.5640625 0.21875
0 0.83984375 0.79296875 0.3203125 0.26328125
0 0.30234375 0.68125 0.56796875 0.26796875
0 0.36328125 0.49765625 0.38828125 0.27109375
0 0.7953125 0.54921875 0.409375 0.3234375
0 0.73828125 0.3109375 0.3203125 0.2265625
0 0.3828125 0.29453125 0.31796875 0.203125
0 0.11328125 0.26953125 0.2265625 0.22109375
0 0.11953125 0.39921875 0.2390625 0.1796875
0 0.40078125 0.1578125 0.22421875 0.10703125
0 0.709375 0.17578125 0.1640625 0.1171875
0 0.928125 0.19609375 0.14375 0.2109375
0 0.65234375 0.10703125 0.1484375 0.09375
0 0.40625 0.071875 0.125 0.0859375