0 0.30625 0.62109375 0.1640625 0.18984375
0 0.4859375 0.56875 0.1484375 0.16953125
0 0.63125 0.61953125 0.17421875 0.20859375
0 0.78671875 0.58828125 0.16171875 0.19296875
0 0.93203125 0.64765625 0.1359375 0.2078125
0 0.115625 0.5484375 0.1640625 0.1796875
0 0.31796875 0.45546875 0.15625 0.18203125
0 0.15234375 0.3890625 0.14296875 0.1484375
0 0.05546875 0.43359375 0.1109375 0.1453125
0 0.0609375 0.31171875 0.121875 0.1453125
0 0.18125 0.265625 0.13828125 0.14609375
0 0.08359375 0.1796875 0.11484375 0.11484375
0 0.20546875 0.17421875 0.125 0.109375
0 0.11875 0.09375 0.10703125 0.09375
0 0.22265625 0.08828125 0.11171875 0.09921875
0 0.1390625 0.03515625 0.1171875 0.0703125
0 0.23828125 0.028125 0.0890625 0.05625
0 0.33828125 0.31484375 0.13515625 0.140625
0 0.34140625 0.2046875 0.13515625 0.12265625
0 0.35546875 0.10546875 0.1171875 0.1171875
0 0.34453125 0.0359375 0.1328125 0.071875
0 0.4671875 0.4125 0.1484375 0.15859375
0 0.47421875 0.28359375 0.13515625 0.140625
0 0.47109375 0.178125 0.11953125 0.11171875
0 0.46328125 0.0953125 0.10390625 0.1015625
0 0.45390625 0.0203125 0.1171875 0.040625
0 0.6234375 0.4609375 0.1484375 0.16171875
0 0.59765625 0.31875 0.12265625 0.1328125
0 0.59140625 0.21484375 0.11953125 0.12265625
0 0.5703125 0.1171875 0.11484375 0.10390625
0 0.56328125 0.0453125 0.1078125 0.090625
0 0.75 0.43203125 0.140625 0.16640625
0 0.72890625 0.30234375 0.13515625 0.15078125
0 0.7046875 0.1890625 0.1328125 0.12734375
0 0.6890625 0.09921875 0.13828125 0.109375
0 0.65703125 0.03359375 0.1328125 0.0671875
0 0.9078125 0.4671875 0.1796875 0.1796875
0 0.86171875 0.32578125 0.14609375 0.15625
0 0.8203125 0.20703125 0.13046875 0.13828125
0 0.80625 0.1171875 0.12265625 0.109375
0 0.76328125 0.04296875 0.11953125 0.0859375
0 0.859375 0.02734375 0.11953125 0.0546875
0 0.95390625 0.30078125 0.0921875 0.1640625
0 0.92734375 0.19765625 0.109375 0.11953125
0 0.89296875 0.09375 0.109375 0.08828125