2 0.3076171859375 0.53125 0.2587890625 0.5351562484375 0.2148437515625 0.5771484359375 0.2226562484375 0.6337890625 0.2617187515625 0.6591796890625 0.3017578140625 0.6289062484375 0.359375 0.6240234359375 0.3515624984375 0.5673828140625 0.3076171859375 0.53125
2 0.3095703109375 0.6289062484375 0.265625 0.6630859375 0.263671875 0.7158203109375 0.2822265640625 0.7578124984375 0.3398437515625 0.7705078140625 0.3984375015625 0.7373046890625 0.4140624984375 0.6923828140625 0.3896484359375 0.6445312484375 0.3095703109375 0.6289062484375
2 0.4052734359375 0.75 0.3398437515625 0.7841796890625 0.3359375015625 0.8232421859375 0.3681640625 0.876953125 0.423828125 0.8974609375 0.46875 0.8720703109375 0.482421875 0.8134765640625 0.4541015640625 0.765625 0.4052734359375 0.75
2 0.3271484359375 0.779296875 0.2705078140625 0.783203125 0.232421875 0.8408203109375 0.2382812484375 0.8974609375 0.263671875 0.9189453109375 0.3154296890625 0.876953125 0.3710937515625 0.8896484359375 0.3398437515625 0.8447265640625 0.3271484359375 0.779296875
2 0.2089843734375 0.7685546890625 0.1533203109375 0.7460937515625 0.09472656406249999 0.7753906265625 0.07421875156249999 0.8349609375 0.09765624843750001 0.8642578140625 0.1416015640625 0.841796875 0.2099609375 0.861328125 0.2285156265625 0.8154296890625 0.2089843734375 0.7685546890625
2 0.1591796890625 0.5703124984375 0.11035156406249999 0.5703124984375 0.06640624843750001 0.6162109375 0.06835937343750001 0.6806640625 0.11328124843750001 0.7119140625 0.1777343734375 0.6904296890625 0.1660156265625 0.6455078140625 0.1875 0.5927734359375 0.1591796890625 0.5703124984375
2 0.07714843593750001 0.310546875 0.029296875 0.3623046890625 0.013671875 0.4208984359375 0.060546875 0.4873046890625 0.15625 0.4521484359375 0.158203125 0.3564453109375 0.1318359375 0.3125 0.07714843593750001 0.310546875
2 0.1611328140625 0.4765624984375 0.11230468906249999 0.4648437515625 0.044921875 0.5068359375 0.041015626562500004 0.5595703109375 0.076171875 0.5947265640625 0.12207031093750001 0.5664062484375 0.1816406265625 0.5693359375 0.189453125 0.5224609375 0.1611328140625 0.4765624984375
2 0.09375 0.7451171859375 0.09472656406249999 0.7714843734375 0.1826171859375 0.748046875 0.232421875 0.7978515640625 0.2441406265625 0.7509765640625 0.2001953109375 0.701171875 0.1357421859375 0.705078125 0.09375 0.7451171859375
2 0.1679687515625 0.6455078140625 0.1796875015625 0.6904296890625 0.251953125 0.7255859375 0.2578124984375 0.6650390625 0.2080078140625 0.5996093734375 0.1923828140625 0.6015624984375 0.1679687515625 0.6455078140625
2 0.1376953109375 0.84375 0.09375 0.8720703109375 0.08203124843750001 0.9443359375 0.11230468906249999 0.9902343734375 0.169921875 0.9970703109375 0.220703125 0.9560546890625 0.2304687515625 0.9052734359375 0.1982421859375 0.857421875 0.1376953109375 0.84375
2 0.3339843734375 0.9990234359375 0.2626953109375 0.953125 0.2197265640625 0.9609375015625 0.189453125 0.9990234359375 0.3339843734375 0.9990234359375
2 0.3115234359375 0.8808593734375 0.2578124984375 0.9287109375 0.2607421859375 0.951171875 0.3408203109375 0.998046875 0.376953125 0.9990234359375 0.404296875 0.9716796890625 0.404296875 0.9384765640625 0.3466796890625 0.8847656265625 0.3115234359375 0.8808593734375
2 0.421875 0.9052734359375 0.4150390625 0.96875 0.5351562484375 0.9990234359375 0.5585937515625 0.9443359375 0.5361328140625 0.904296875 0.4716796890625 0.876953125 0.421875 0.9052734359375
2 0 0.7373046890625 0.0546875015625 0.7548828140625 0.10546875156249999 0.7197265640625 0.064453125 0.6748046890625 0.0625 0.6181640625 0.0263671859375 0.6171875015625 0 0.6337890625 0 0.7373046890625
2 0.3017578140625 0 0.326171875 0.2099609375 0.5410156265625 0.8779296890625 0.6181640625 1 0.7333984359375 1 0.7431640625 0.984375 0.7558593734375 0.9990234359375 0.7226562484375 0.8525390625 0.7177734359375 0.875 0.6816406265625 0.8564453109375 0.6982421859375 0.828125 0.7080078140625 0.845703125 0.716796875 0.8369140625 0.6640624984375 0.6689453109375 0.453125 0.1611328140625 0.4140624984375 0.0302734359375 0.3935546890625 0 0.3017578140625 0
2 0.1494140625 0 0.1308593734375 0.1396484359375 0.1640624984375 0.4111328140625 0.1865234359375 0.4746093734375 0.248046875 0.4833984359375 0.330078125 0.4560546890625 0.2695312484375 0.07324218593750001 0.2314453109375 0 0.1494140625 0
2 0.9433593734375 0.8076171859375 0.8085937515625 0.5322265640625 0.5996093734375 0.0087890625 0.4423828140625 0 0.482421875 0.1611328140625 0.763671875 0.8740234359375 0.8564453109375 0.9960937515625 0.9375 0.9990234359375 0.953125 0.9541015640625 0.9296875015625 0.9091796890625 0.9589843734375 0.8759765640625 0.9433593734375 0.8076171859375