0 0.51171875 0.87890625 0.28359375 0.2421875
0 0.13046875 0.63515625 0.19296875 0.21875
0 0.48671875 0.47421875 0.15078125 0.140625
0 0.7984375 0.63046875 0.20078125 0.16171875
0 0.9515625 0.4484375 0.096875 0.184375
0 0.8265625 0.30625 0.1015625 0.09140625
0 0.678125 0.37109375 0.15859375 0.12265625
0 0.2359375 0.39453125 0.1328125 0.1328125
0 0.09375 0.32578125 0.15078125 0.11484375
0 0.4703125 0.3140625 0.12265625 0.09609375
0 0.28515625 0.28125 0.11171875 0.09375
0 0.165625 0.23046875 0.12265625 0.09140625
0 0.05625 0.18203125 0.09140625 0.078125
0 0.1171875 0.1265625 0.08359375 0.0703125
0 0.20703125 0.16171875 0.06484375 0.06796875
0 0.2953125 0.1875 0.0546875 0.0625
0 0.43125 0.21328125 0.10703125 0.08828125
0 0.57578125 0.1703125 0.078125 0.0703125
0 0.7328125 0.203125 0.10703125 0.078125
0 0.9234375 0.228125 0.12265625 0.09609375
0 0.8265625 0.16015625 0.1015625 0.09140625