2 0.2274643546875 0.023437498437500003 0.15702378125 0.035156251562500004 0.1056608640625 0.0615234359375 0.0704405734375 0.1337890625 0.139413634375 0.203125 0.2524120546875 0.2236328109375 0.35220286875 0.1767578109375 0.3698130109375 0.09863281093750001 0.3243201421875 0.042968748437499996 0.2274643546875 0.023437498437500003
2 0.5708621468749999 0.042968748437499996 0.4710713390625 0.023437498437500003 0.39035817968750003 0.0615234359375 0.375683059375 0.1298828109375 0.4123708578125 0.1796874984375 0.4872139671875 0.1982421890625 0.595809853125 0.1708984359375 0.6280951140625 0.1357421890625 0.6310301421875 0.09863281093750001 0.5708621468749999 0.042968748437499996
2 0.8291442515625 0.035156251562500004 0.7293534421875 0.023437498437500003 0.648640284375 0.07714843593750001 0.6398352125 0.1416015640625 0.694133153125 0.1894531234375 0.7865864046875 0.1982421890625 0.832079278125 0.1914062515625 0.883442196875 0.1611328109375 0.9010523390625 0.1005859375 0.8291442515625 0.035156251562500004
2 0.2098542078125 0.2304687484375 0.1232710046875 0.2666015640625 0.093920765625 0.3408203125 0.11740095625 0.3779296875 0.1775689453125 0.416015625 0.2758922453125 0.4287109375 0.361007940625 0.3876953125 0.38448813125000003 0.2978515640625 0.3155150703125 0.2382812515625 0.2098542078125 0.2304687484375
2 0.479876409375 0.203125 0.4020982734375 0.2392578109375 0.3874231578125 0.2978515640625 0.45933124062499997 0.3671874984375 0.5429794203125 0.3798828109375 0.6369001859375001 0.3349609375 0.6603803765625 0.2666015640625 0.6002123874999999 0.2109374984375 0.479876409375 0.203125
2 0.8085990875 0.1992187484375 0.7044057375 0.2353515640625 0.680925546875 0.3037109375 0.7440285624999999 0.3613281234375 0.8511569343750001 0.3798828109375 0.9274675515625 0.3427734359375 0.9509477484375 0.2666015640625 0.902519853125 0.212890625 0.8085990875 0.1992187484375
2 0.22159430625 0.431640625 0.139413634375 0.4492187484375 0.08511569375 0.5029296875 0.114465934375 0.5849609375 0.211321721875 0.6259765640625 0.309645021875 0.603515625 0.3668779890625 0.5419921890625 0.3404627765625 0.4716796875 0.22159430625 0.431640625
2 0.49161650312500005 0.384765625 0.41090334375 0.4150390625 0.3668779890625 0.5009765640625 0.38448813125000003 0.5361328109375 0.429981 0.5625 0.52830430625 0.5732421890625 0.6280951140625 0.5361328109375 0.65157530625 0.4716796875 0.5855372671875 0.400390625 0.49161650312500005 0.384765625
2 0.8350142999999999 0.3886718765625 0.7381585140625 0.3867187484375 0.669185453125 0.4326171890625 0.6603803765625 0.4951171890625 0.714678321875 0.556640625 0.8041965515625 0.5712890625 0.915727459375 0.5302734359375 0.936272628125 0.4560546875 0.9069223875000001 0.4208984359375 0.8350142999999999 0.3886718765625
2 0.218659278125 0.6386718765625 0.14381616875 0.6728515640625 0.114465934375 0.7412109375 0.162893825 0.8007812515625 0.2348019125 0.8134765640625 0.34339779843749996 0.7802734359375 0.37274803749999996 0.7138671890625 0.30671 0.6523437484375 0.218659278125 0.6386718765625
2 0.479876409375 0.578125 0.407968321875 0.6064453125 0.375683059375 0.6904296875 0.40650080937500005 0.734375 0.504824109375 0.7568359375 0.6119524859375 0.7265625015625 0.6457052562500001 0.6630859375 0.5796672234375 0.59375 0.479876409375 0.578125
2 0.7968589890625 0.5761718765625 0.7058732515624999 0.6015625015625 0.6633154046875 0.6357421890625 0.65157530625 0.6728515640625 0.7117432953125 0.7363281234375 0.82767674375 0.7548828109375 0.8981173171875 0.7216796875 0.9215975078125 0.6474609375 0.8702345906250001 0.5917968765625 0.7968589890625 0.5761718765625
2 0.46520128906249997 0.7617187484375 0.3874231578125 0.8076171890625 0.3874231578125 0.8662109375 0.3991632515625 0.8935546875 0.45933124062499997 0.9257812515625 0.5136291859375001 0.9287109375 0.6251600921875 0.8759765640625 0.6398352125 0.8271484359375 0.5914073171875 0.7792968765625 0.46520128906249997 0.7617187484375
2 0.78218386875 0.7890625015625 0.6926656390625 0.8251953125 0.669185453125 0.8779296875 0.7410935359375 0.943359375 0.8159366453124999 0.9541015640625 0.8951822890625 0.9130859375 0.915727459375 0.8486328109375 0.8702345906250001 0.7988281234375 0.78218386875 0.7890625015625
2 0.1775689453125 0.818359375 0.11740095625 0.8466796875 0.1027258359375 0.9052734359375 0.1540887546875 0.9648437484375 0.2289318640625 0.9794921890625 0.32285262812500004 0.9423828109375 0.35220286875 0.8779296875 0.29203487968749997 0.828125 0.1775689453125 0.818359375
2 0.0014675140625 0.6289062515625 0.0117400984375 0.7919921890625 0.1027258359375 0.7509765640625 0.1085958859375 0.7080078109375 0.0675055515625 0.6572265640625 0.0014675140625 0.6289062515625
2 0.0088050703125 0.6064453125 0.0704405734375 0.5615234359375 0.0763106234375 0.5087890625 0.0014675140625 0.4492187484375 0.0088050703125 0.6064453125
2 0.010272584375000001 0.25 0.0058700484375 0.4091796875 0.0675055515625 0.3740234359375 0.08511569375 0.3349609375 0.0704405734375 0.2841796875 0.010272584375000001 0.25
2 0.0058700484375 0.2138671890625 0.05283043125 0.1728515640625 0.061635503125000005 0.1064453125 0.0014675140625 0.056640625 0.0058700484375 0.2138671890625
2 0.9333376015624999 0.1787109375 0.99790813125 0.2099609375 0.9964406171875 0.033203123437499996 0.936272628125 0.07324218906249999 0.909857409375 0.1337890625 0.9333376015624999 0.1787109375
2 0.99790813125 0.3701171890625 0.993505590625 0.240234375 0.9597528203125 0.2685546875 0.9538827703124999 0.3193359375 0.99790813125 0.3701171890625
2 0.99790813125 0.5400390625 0.9964406171875 0.4179687484375 0.9538827703124999 0.4521484359375 0.9450777 0.4990234359375 0.99790813125 0.5400390625
2 0.9538827703124999 0.7255859375 0.99790813125 0.7529296875 0.9905705687499999 0.5917968765625 0.936272628125 0.6318359375 0.9274675515625 0.6806640625 0.9538827703124999 0.7255859375
2 0.9568177921875 0.9130859375 0.99790813125 0.9287109375 0.993505590625 0.791015625 0.93920765 0.8310546875 0.9274675515625 0.8779296875 0.9568177921875 0.9130859375
2 0.9964406171875 0.947265625 0.915727459375 0.9970703125 1 0.9990234359375 0.9964406171875 0.947265625
2 0.8687670765625001 0.9990234359375 0.78805391875 0.958984375 0.714678321875 0.962890625 0.6662504265625 0.9951171890625 0.8687670765625001 0.9990234359375
2 0.3639429625 0.9970703125 0.6222250703125 0.9990234359375 0.5591220546875 0.9492187484375 0.4769413828125 0.931640625 0.40650080937500005 0.9511718765625 0.3639429625 0.9970703125
2 0.0014675140625 0.802734375 0.0088050703125 0.9833984359375 0.088050715625 0.9267578109375 0.093920765625 0.8642578109375 0.058700481250000006 0.8212890625 0.0014675140625 0.802734375
2 0 0.047851564062500004 0.061635503125000005 0.0576171890625 0.1218034921875 0.042968748437499996 0.1584912890625 0.0009765640625 0.0014675140625 0 0 0.047851564062500004
2 0.3932932015625 0.036132810937499996 0.478408896875 0.0009765640625 0.2729572234375 0.0009765640625 0.3184500921875 0.033203123437499996 0.3932932015625 0.036132810937499996
2 0.6398352125 0.041992189062500004 0.707340759375 0.0009765640625 0.53417435 0.0009765640625 0.576732196875 0.035156251562500004 0.6398352125 0.041992189062500004
2 0.8584944921875 0.048828123437499996 0.9304025796875001 0.0556640625 0.980297984375 0.0341796875 0.993505590625 0 0.8130016234375 0.0009765640625 0.8584944921875 0.048828123437499996