2 0.283203125 0.45556640625 0.3076171875 0.427734375 0.3330078125 0.416015625 0.3544921875 0.416015625 0.3740234375 0.4248046875 0.3994140625 0.45703125 0.4150390625 0.45703125 0.4365234375 0.4248046875 0.4580078125 0.41015625 0.4873046875 0.41015625 0.5009765625 0.416015625 0.5419921875 0.4541015625 0.5595703125 0.4482421875 0.5810546875 0.4248046875 0.5927734375 0.4189453125 0.6337890625 0.416015625 0.6552734375 0.4248046875 0.6748046875 0.4482421875 0.6884765625 0.474609375 0.6982421875 0.4775390625 0.7236328125 0.4716796875 0.7353515625 0.462890625 0.75390625 0.42919921875 0.755859375 0.39697265625 0.751953125 0.37353515625 0.7451171875 0.357421875 0.7197265625 0.333984375 0.6943359375 0.322265625 0.3564453125 0.3193359375 0.2646484375 0.3251953125 0.1669921875 0.3486328125 0.1298828125 0.375 0.111328125 0.40576171875 0.107421875 0.42333984375 0.109375 0.45849609375 0.1220703125 0.4833984375 0.1416015625 0.50390625 0.1884765625 0.52734375 0.244140625 0.52587890625 0.2685546875 0.521484375 0.271484375 0.51708984375 0.271484375 0.49072265625 0.283203125 0.45556640625
2 0.7666015625 0.2958984375 0.7509765625 0.2900390625 0.7353515625 0.26953125 0.7216796875 0.2607421875 0.6611328125 0.2431640625 0.4345703125 0.2431640625 0.3330078125 0.2607421875 0.2353515625 0.2666015625 0.2060546875 0.2783203125 0.1845703125 0.29296875 0.1650390625 0.3134765625 0.154296875 0.33837890625 0.154296875 0.34716796875 0.1611328125 0.3515625 0.2158203125 0.333984375 0.3115234375 0.3193359375 0.4150390625 0.31640625 0.5185546875 0.322265625 0.5732421875 0.31640625 0.6669921875 0.31640625 0.7001953125 0.322265625 0.7236328125 0.333984375 0.75 0.35888671875 0.7578125 0.34423828125 0.759765625 0.32666015625 0.771484375 0.30615234375 0.7666015625 0.2958984375
2 0.3232421875 0.2607421875 0.4287109375 0.2431640625 0.6494140625 0.240234375 0.7099609375 0.251953125 0.71484375 0.24169921875 0.71484375 0.22705078125 0.7021484375 0.1962890625 0.6806640625 0.181640625 0.6376953125 0.1669921875 0.5732421875 0.1640625 0.5361328125 0.169921875 0.4638671875 0.169921875 0.3740234375 0.1787109375 0.2666015625 0.2021484375 0.1943359375 0.2314453125 0.1806640625 0.2431640625 0.1640625 0.26806640625 0.154296875 0.30615234375 0.15625 0.31494140625 0.162109375 0.31787109375 0.1767578125 0.298828125 0.2099609375 0.275390625 0.2470703125 0.263671875 0.3232421875 0.2607421875
2 0.64453125 0.52001953125 0.63671875 0.49658203125 0.6083984375 0.4599609375 0.5908203125 0.4482421875 0.5615234375 0.4482421875 0.5458984375 0.45703125 0.52734375 0.48193359375 0.517578125 0.51416015625 0.515625 0.56103515625 0.5234375 0.58740234375 0.5458984375 0.62109375 0.5693359375 0.6328125 0.59375 0.63134765625 0.6220703125 0.6123046875 0.640625 0.58447265625 0.646484375 0.56103515625 0.64453125 0.52001953125
2 0.69140625 0.50244140625 0.6875 0.47900390625 0.67578125 0.45263671875 0.6513671875 0.4248046875 0.6376953125 0.4189453125 0.5908203125 0.421875 0.5810546875 0.427734375 0.5703125 0.44384765625 0.5751953125 0.4482421875 0.5908203125 0.4482421875 0.6123046875 0.462890625 0.62890625 0.48193359375 0.64453125 0.51708984375 0.6484375 0.54638671875 0.64453125 0.57568359375 0.6220703125 0.6123046875 0.59765625 0.63134765625 0.6005859375 0.6357421875 0.6328125 0.63427734375 0.6552734375 0.6181640625 0.6796875 0.57861328125 0.69140625 0.53759765625 0.69140625 0.50244140625
2 0.537109375 0.46142578125 0.5126953125 0.427734375 0.4892578125 0.4130859375 0.4638671875 0.41015625 0.4365234375 0.427734375 0.416015625 0.46142578125 0.41015625 0.48193359375 0.4111328125 0.4921875 0.4326171875 0.4833984375 0.4619140625 0.486328125 0.4892578125 0.5068359375 0.513671875 0.54931640625 0.51953125 0.50244140625 0.525390625 0.48486328125 0.537109375 0.46728515625 0.537109375 0.46142578125
2 0.51953125 0.57861328125 0.513671875 0.55224609375 0.4912109375 0.509765625 0.4599609375 0.486328125 0.4345703125 0.4833984375 0.4072265625 0.4951171875 0.38671875 0.52294921875 0.375 0.55224609375 0.369140625 0.60205078125 0.375 0.63427734375 0.3935546875 0.66796875 0.4228515625 0.6884765625 0.44140625 0.68994140625 0.4775390625 0.6796875 0.5029296875 0.65625 0.517578125 0.62255859375 0.51953125 0.57861328125
2 0.380859375 0.53173828125 0.404296875 0.49658203125 0.404296875 0.48193359375 0.3984375 0.46142578125 0.3740234375 0.427734375 0.3583984375 0.4189453125 0.3291015625 0.4189453125 0.3037109375 0.43359375 0.28515625 0.45849609375 0.2734375 0.49072265625 0.2734375 0.52587890625 0.28515625 0.56689453125 0.3056640625 0.59765625 0.3212890625 0.6123046875 0.3388671875 0.6181640625 0.353515625 0.61669921875 0.369140625 0.60498046875 0.37109375 0.56689453125 0.376953125 0.54345703125 0.380859375 0.53173828125
2 0.455078125 0.75439453125 0.4267578125 0.7001953125 0.3955078125 0.673828125 0.3662109375 0.62109375 0.3291015625 0.6181640625 0.3037109375 0.59765625 0.287109375 0.57275390625 0.2734375 0.53759765625 0.2685546875 0.533203125 0.2275390625 0.5361328125 0.1923828125 0.5302734375 0.1875 0.53466796875 0.203125 0.59912109375 0.248046875 0.73681640625 0.294921875 0.84228515625 0.3291015625 0.896484375 0.3369140625 0.90234375 0.3759765625 0.9111328125 0.462890625 0.92138671875 0.46875 0.91259765625 0.4765625 0.88330078125 0.4765625 0.82470703125 0.455078125 0.75439453125
2 0.646484375 0.76025390625 0.63671875 0.71044921875 0.62109375 0.67822265625 0.5947265625 0.638671875 0.5537109375 0.6298828125 0.5244140625 0.6005859375 0.513671875 0.64013671875 0.4970703125 0.6650390625 0.4716796875 0.685546875 0.4365234375 0.6943359375 0.43359375 0.69873046875 0.4755859375 0.8056640625 0.4931640625 0.80859375 0.5791015625 0.849609375 0.607421875 0.85107421875 0.6220703125 0.84375 0.63671875 0.82177734375 0.64453125 0.79833984375 0.646484375 0.76025390625
2 0.859375 0.70166015625 0.85546875 0.67236328125 0.845703125 0.65185546875 0.8271484375 0.626953125 0.7900390625 0.591796875 0.7333984375 0.5537109375 0.7021484375 0.5361328125 0.6943359375 0.5361328125 0.67578125 0.59033203125 0.6572265625 0.6181640625 0.6337890625 0.6357421875 0.603515625 0.64306640625 0.63671875 0.70751953125 0.64453125 0.73974609375 0.646484375 0.76318359375 0.6513671875 0.7705078125 0.6611328125 0.7705078125 0.7021484375 0.791015625 0.7412109375 0.7998046875 0.791015625 0.79833984375 0.8056640625 0.7939453125 0.8447265625 0.7587890625 0.857421875 0.72802734375 0.859375 0.70166015625
2 0.869140625 0.56982421875 0.861328125 0.54345703125 0.845703125 0.52294921875 0.845703125 0.51708984375 0.8388671875 0.5126953125 0.837890625 0.50537109375 0.8115234375 0.46875 0.7705078125 0.421875 0.7607421875 0.4189453125 0.751953125 0.44091796875 0.7353515625 0.4658203125 0.7138671875 0.48046875 0.7001953125 0.48046875 0.693359375 0.49072265625 0.693359375 0.52587890625 0.6982421875 0.533203125 0.7490234375 0.5625 0.8017578125 0.6005859375 0.8310546875 0.6298828125 0.8544921875 0.66796875 0.857421875 0.66650390625 0.875 0.64892578125 0.880859375 0.62548828125 0.875 0.57861328125 0.869140625 0.56982421875