2 0.59765625 0.6736838046875 0.615234375 0.5663100375 0.615234375 0.5178186578124999 0.607421875 0.431226909375 0.591796875 0.3654171796875 0.5087890625 0.2147475375 0.4541015625 0.1766471671875 0.3994140625 0.173183496875 0.3447265625 0.2008928578125 0.275390625 0.28228910156250003 0.2421875 0.36195350937500004 0.2265625 0.42083589843749997 0.216796875 0.5005003078125 0.216796875 0.5836283859375 0.2265625 0.6286560953125 0.23046875 0.6910021546875 0.2724609375 0.8035714281249999 0.3427734375 0.8520628078125 0.439453125 0.864185653125 0.4853515625 0.84513546875 0.5244140625 0.8139624390625 0.5703125 0.746420875 0.59765625 0.6736838046875
2 0.0673828125 0 0.060546875 0.0121228453125 0.0546875 0.088323584375 0.033203125 0.1541333125 0.03515625 0.1749153328125 0.0576171875 0.225138546875 0.1162109375 0.2736299265625 0.22265625 0.2926801109375 0.2880859375 0.2459205671875 0.353515625 0.1506696421875 0.38671875 0.04675954375 0.3837890625 0 0.0673828125 0
2 0.1455078125 0.7966440890625 0.1845703125 0.8070350984375001 0.2587890625 0.8693811578125 0.2646484375 0.8624538171875 0.279296875 0.8226216140625 0.26171875 0.7949122531249999 0.23046875 0.7083205046875001 0.2109375 0.5420643468749999 0.1826171875 0.5264778328124999 0.1259765625 0.5230141625 0.0966796875 0.5472598515625 0.0634765625 0.5576508625 0.0068359375 0.6338516015625 0 0.6459744453125 0.001953125 0.8953586828125 0.0478515625 0.8347444578125 0.0595703125 0.8347444578125 0.0888671875 0.8070350984375001 0.1455078125 0.7966440890625
2 0.2158203125 0.46759544374999995 0.23828125 0.358489840625 0.255859375 0.3203894703125 0.251953125 0.2926801109375 0.1806640625 0.30133928593750003 0.1591796875 0.28748460625 0.1220703125 0.2840209359375 0.0576171875 0.2320658859375 0.0322265625 0.1835745078125 0.0009765625 0.22167487656249998 0 0.6321197656249999 0.00390625 0.6321197656249999 0.0771484375 0.529941503125 0.1044921875 0.5126231531250001 0.1396484375 0.47452278281250004 0.2158203125 0.46759544374999995
2 0.701171875 0.413908559375 0.6796875 0.216479371875 0.646484375 0.1402786328125 0.5888671875 0.05541871875 0.5341796875 0.0311730296875 0.4541015625 0.0415640390625 0.4111328125 0.083128078125 0.375 0.1472059734375 0.37109375 0.178379003125 0.4287109375 0.169719828125 0.4931640625 0.1974291875 0.5087890625 0.2112838671875 0.5673828125 0.3221213046875 0.583984375 0.34117149062499996 0.595703125 0.3723445203125 0.61328125 0.469327278125 0.619140625 0.559382696875 0.607421875 0.6009467359375 0.6015625 0.65636545625 0.6025390625 0.6684883 0.61328125 0.666756465625 0.65625 0.6251924265625 0.6875 0.5524553578125 0.697265625 0.5108913171875 0.701171875 0.413908559375
2 0.80859375 0.2753617609375 0.7890625 0.1021782640625 0.7470703125 0.0034636703125 0.5087890625 0 0.4951171875 0.006927340625 0.48046875 0.025977525 0.5458984375 0.0311730296875 0.5986328125 0.0588823890625 0.6162109375 0.0935190890625 0.642578125 0.1194966140625 0.6796875 0.20955203125000002 0.705078125 0.40698121875000004 0.69921875 0.5108913171875 0.685546875 0.5663100375 0.693359375 0.5732373765625 0.7470703125 0.529941503125 0.7890625 0.4450815890625 0.802734375 0.40351755 0.80859375 0.2753617609375
2 0.83984375 0.396590209375 0.841796875 0.344635159375 0.853515625 0.29960745 0.849609375 0.09871459375 0.8173828125 0 0.751953125 0.001731834375 0.791015625 0.1021782640625 0.810546875 0.27882543125 0.8046875 0.40005387968750006 0.791015625 0.4450815890625 0.765625 0.49010929843750006 0.76171875 0.5108913171875 0.7734375 0.5108913171875 0.7900390625 0.49530480312499997 0.802734375 0.45893626875000004 0.83203125 0.4173722296875 0.83984375 0.396590209375
2 0.962890625 0.3273168109375 0.974609375 0.24765240156249999 0.9765625 0.1853063421875 0.974609375 0.043295875 0.9658203125 0.006927340625 0.9580078125 0 0.82421875 0.001731834375 0.833984375 0.053686884375 0.84765625 0.08139624375 0.853515625 0.1472059734375 0.853515625 0.306534790625 0.84375 0.34117149062499996 0.841796875 0.38966286875 0.83203125 0.42083589843749997 0.8046875 0.46239993906250004 0.8076171875 0.47798645312500004 0.82421875 0.4797182875 0.8818359375 0.45027709375 0.9111328125 0.422567734375 0.9453125 0.3723445203125 0.962890625 0.3273168109375
2 0.84765625 0.6529017859375 0.865234375 0.6806111453125 0.900390625 0.7672028937500001 0.923828125 0.884967671875 0.93359375 0.9646320812500001 0.9501953125 0.9802185953125001 1 0.9958051109375001 0.9970703125 0.349830665625 0.880859375 0.46239993906250004 0.857421875 0.5559190265625 0.84765625 0.6529017859375
2 0.8076171875 0.619996921875 0.7255859375 0.606142240625 0.6806640625 0.6234605906249999 0.6220703125 0.6788793109375 0.60546875 0.7152478453125 0.6103515625 0.7342980296875 0.6591796875 0.77586206875 0.69921875 0.8537946421875 0.712890625 0.8953586828125 0.716796875 0.9438500609375 0.7314453125 0.9975369453124999 0.927734375 0.9958051109375001 0.92578125 0.9265317124999999 0.89453125 0.7602755546875 0.8564453125 0.6823429796875 0.8076171875 0.619996921875
2 0.5947265625 0.7273706890625 0.5830078125 0.730834359375 0.5517578125 0.8001077593750001 0.4951171875 0.8555264781249999 0.4501953125 0.8797721671875 0.3583984375 0.872844828125 0.345703125 0.8953586828125 0.341796875 0.9265317124999999 0.32421875 0.9750230906249999 0.3251953125 0.9975369453124999 0.72265625 0.9958051109375001 0.708984375 0.8918950125 0.69140625 0.846867303125 0.6552734375 0.7793257390624999 0.5947265625 0.7273706890625
2 0.2216796875 0.8347444578125 0.1689453125 0.8001077593750001 0.0869140625 0.8104987687499999 0.0380859375 0.84513546875 0 0.9057496921875 0.0009765625 0.9975369453124999 0.232421875 0.9958051109375001 0.236328125 0.9507774015624999 0.248046875 0.9230680421875 0.2578125 0.8745766625 0.2216796875 0.8347444578125