2 0.388671875 0.30908203125 0.3681640625 0.2724609375 0.3466796875 0.263671875 0.3310546875 0.26953125 0.310546875 0.29150390625 0.3046875 0.31787109375 0.3046875 0.33544921875 0.310546875 0.35595703125 0.3232421875 0.375 0.3447265625 0.3837890625 0.35546875 0.38232421875 0.3681640625 0.375 0.380859375 0.35888671875 0.388671875 0.33251953125 0.388671875 0.30908203125
2 0.515625 0.31494140625 0.5009765625 0.28125 0.4814453125 0.26953125 0.4638671875 0.26953125 0.44140625 0.29150390625 0.435546875 0.31201171875 0.435546875 0.33544921875 0.443359375 0.35888671875 0.4580078125 0.380859375 0.4716796875 0.38671875 0.486328125 0.38525390625 0.4970703125 0.380859375 0.509765625 0.36181640625 0.515625 0.34423828125 0.515625 0.31494140625
2 0.65234375 0.52001953125 0.6484375 0.50537109375 0.6318359375 0.4833984375 0.6240234375 0.4775390625 0.6005859375 0.4775390625 0.583984375 0.49658203125 0.576171875 0.51708984375 0.576171875 0.56103515625 0.58203125 0.57568359375 0.5947265625 0.591796875 0.6025390625 0.59765625 0.623046875 0.59619140625 0.6337890625 0.5888671875 0.6484375 0.56689453125 0.65234375 0.55224609375 0.65234375 0.52001953125
2 0.732421875 0.56689453125 0.7265625 0.54638671875 0.7080078125 0.5244140625 0.6806640625 0.521484375 0.6708984375 0.52734375 0.658203125 0.54638671875 0.65234375 0.57568359375 0.654296875 0.60498046875 0.6708984375 0.6328125 0.6806640625 0.638671875 0.697265625 0.63720703125 0.7158203125 0.626953125 0.7265625 0.61083984375 0.732421875 0.59033203125 0.732421875 0.56689453125
2 0.810546875 0.60498046875 0.8046875 0.58447265625 0.7919921875 0.5654296875 0.7841796875 0.5595703125 0.7607421875 0.5595703125 0.7490234375 0.5654296875 0.732421875 0.59326171875 0.728515625 0.60498046875 0.728515625 0.63134765625 0.734375 0.65185546875 0.7490234375 0.6708984375 0.7646484375 0.6796875 0.77734375 0.67822265625 0.7900390625 0.673828125 0.8046875 0.65185546875 0.810546875 0.62841796875 0.810546875 0.60498046875
2 0.642578125 0.66650390625 0.634765625 0.63720703125 0.6201171875 0.6181640625 0.6083984375 0.6123046875 0.5908203125 0.6123046875 0.5791015625 0.62109375 0.568359375 0.63720703125 0.5625 0.66650390625 0.564453125 0.69873046875 0.5830078125 0.7265625 0.607421875 0.72802734375 0.6240234375 0.720703125 0.63671875 0.70458984375 0.642578125 0.68115234375 0.642578125 0.66650390625
2 0.345703125 0.59619140625 0.357421875 0.55810546875 0.3408203125 0.5419921875 0.3115234375 0.544921875 0.2890625 0.57568359375 0.28515625 0.59033203125 0.28515625 0.61083984375 0.294921875 0.63720703125 0.3115234375 0.65625 0.328125 0.66064453125 0.3427734375 0.6591796875 0.353515625 0.64306640625 0.34765625 0.62548828125 0.345703125 0.59619140625
2 0.19921875 0.52880859375 0.201171875 0.51416015625 0.197265625 0.49951171875 0.1845703125 0.48046875 0.1728515625 0.474609375 0.1533203125 0.4775390625 0.1416015625 0.486328125 0.130859375 0.50244140625 0.126953125 0.54052734375 0.130859375 0.55517578125 0.1494140625 0.5830078125 0.1591796875 0.5888671875 0.177734375 0.58740234375 0.1875 0.57568359375 0.1875 0.55517578125 0.19140625 0.54052734375 0.19921875 0.52880859375
2 0.24609375 0.36181640625 0.236328125 0.33544921875 0.2216796875 0.31640625 0.1943359375 0.310546875 0.1826171875 0.3193359375 0.171875 0.33544921875 0.166015625 0.35888671875 0.166015625 0.38525390625 0.16796875 0.39697265625 0.1787109375 0.416015625 0.1884765625 0.4248046875 0.20703125 0.42333984375 0.2197265625 0.4189453125 0.23828125 0.39990234375 0.24609375 0.37353515625 0.24609375 0.36181640625
2 0.30859375 0.43212890625 0.310546875 0.40576171875 0.2978515625 0.3896484375 0.2724609375 0.38671875 0.2626953125 0.392578125 0.2490234375 0.4013671875 0.236328125 0.42919921875 0.234375 0.45556640625 0.240234375 0.47900390625 0.2587890625 0.5068359375 0.275390625 0.51123046875 0.2919921875 0.4921875 0.3095703125 0.4921875 0.318359375 0.47900390625 0.30859375 0.43212890625
2 0.3828125 0.40283203125 0.3681640625 0.3779296875 0.3447265625 0.3837890625 0.3232421875 0.375 0.3125 0.39697265625 0.30859375 0.41455078125 0.3125 0.45263671875 0.31640625 0.46435546875 0.3369140625 0.4892578125 0.35546875 0.48779296875 0.3740234375 0.474609375 0.38671875 0.44384765625 0.38671875 0.41748046875 0.3828125 0.40283203125
2 0.208984375 0.18017578125 0.1923828125 0.15234375 0.1767578125 0.1435546875 0.1591796875 0.140625 0.1416015625 0.1494140625 0.12890625 0.16845703125 0.123046875 0.18603515625 0.12109375 0.21240234375 0.123046875 0.23291015625 0.1357421875 0.2607421875 0.1552734375 0.2724609375 0.166015625 0.27099609375 0.1884765625 0.2578125 0.201171875 0.23876953125 0.208984375 0.21533203125 0.208984375 0.18017578125
2 0.3427734375 0.1259765625 0.3193359375 0.12890625 0.302734375 0.14794921875 0.294921875 0.17138671875 0.296875 0.21240234375 0.3173828125 0.240234375 0.3359375 0.24462890625 0.3544921875 0.2373046875 0.37109375 0.20654296875 0.369140625 0.15673828125 0.3427734375 0.1259765625
2 0.54296875 0.45556640625 0.5283203125 0.4306640625 0.5107421875 0.4189453125 0.4931640625 0.4189453125 0.4794921875 0.4248046875 0.462890625 0.45849609375 0.4609375 0.48486328125 0.46484375 0.50537109375 0.4794921875 0.533203125 0.5009765625 0.544921875 0.509765625 0.54345703125 0.5322265625 0.5302734375 0.54296875 0.50830078125 0.546875 0.49072265625 0.54296875 0.45556640625
2 0.4521484375 0.626953125 0.4384765625 0.6357421875 0.419921875 0.66943359375 0.419921875 0.67822265625 0.4248046875 0.6826171875 0.4599609375 0.6796875 0.4755859375 0.6943359375 0.482421875 0.69287109375 0.49609375 0.67236328125 0.494140625 0.65478515625 0.4716796875 0.626953125 0.4521484375 0.626953125
2 0.474609375 0.71923828125 0.4619140625 0.708984375 0.4521484375 0.708984375 0.42578125 0.72802734375 0.419921875 0.74267578125 0.41796875 0.77197265625 0.42578125 0.79833984375 0.4365234375 0.8115234375 0.462890625 0.81298828125 0.48046875 0.79541015625 0.484375 0.77490234375 0.4765625 0.75146484375 0.474609375 0.71923828125
2 0.548828125 0.71630859375 0.541015625 0.69287109375 0.5322265625 0.6796875 0.5185546875 0.6708984375 0.5048828125 0.6708984375 0.4931640625 0.6767578125 0.482421875 0.69287109375 0.4765625 0.71044921875 0.474609375 0.73974609375 0.482421875 0.76904296875 0.4931640625 0.78515625 0.5029296875 0.791015625 0.517578125 0.78955078125 0.5361328125 0.779296875 0.54296875 0.76904296875 0.548828125 0.75146484375 0.548828125 0.71630859375
2 0.65234375 0.27685546875 0.646484375 0.25927734375 0.6279296875 0.240234375 0.6005859375 0.240234375 0.583984375 0.26220703125 0.578125 0.27685546875 0.57421875 0.29736328125 0.580078125 0.32666015625 0.5927734375 0.3486328125 0.6005859375 0.3544921875 0.626953125 0.35595703125 0.6396484375 0.345703125 0.6484375 0.32373046875 0.654296875 0.30322265625 0.65234375 0.27685546875
2 0.80859375 0.15087890625 0.802734375 0.12451171875 0.7900390625 0.1025390625 0.7783203125 0.09375 0.7607421875 0.0908203125 0.7431640625 0.1025390625 0.7265625 0.13037109375 0.72265625 0.16259765625 0.7265625 0.18603515625 0.7353515625 0.205078125 0.7548828125 0.2197265625 0.7734375 0.22119140625 0.7861328125 0.216796875 0.802734375 0.19482421875 0.806640625 0.18310546875 0.80859375 0.15087890625
2 0.78125 0.32373046875 0.78125 0.29736328125 0.775390625 0.27685546875 0.7568359375 0.2548828125 0.7294921875 0.2548828125 0.7099609375 0.26953125 0.697265625 0.29150390625 0.693359375 0.30908203125 0.6953125 0.33544921875 0.701171875 0.35009765625 0.7197265625 0.375 0.73828125 0.37939453125 0.7529296875 0.375 0.7666015625 0.36328125 0.77734375 0.34130859375 0.78125 0.32373046875
2 0.68359375 0.46142578125 0.6728515625 0.4453125 0.6455078125 0.439453125 0.6279296875 0.451171875 0.615234375 0.47607421875 0.6357421875 0.486328125 0.646484375 0.50244140625 0.65234375 0.52001953125 0.654296875 0.55517578125 0.6669921875 0.5302734375 0.69140625 0.51708984375 0.69140625 0.48486328125 0.68359375 0.46142578125
2 0.732421875 0.25341796875 0.73046875 0.23583984375 0.7216796875 0.22265625 0.7021484375 0.2109375 0.6826171875 0.2138671875 0.6708984375 0.22265625 0.662109375 0.23291015625 0.654296875 0.25341796875 0.654296875 0.28271484375 0.66015625 0.30029296875 0.662109375 0.32080078125 0.6767578125 0.345703125 0.6904296875 0.3544921875 0.69921875 0.35302734375 0.693359375 0.32080078125 0.6953125 0.29736328125 0.7099609375 0.26953125 0.732421875 0.25341796875
2 0.5390625 0.54638671875 0.53515625 0.53173828125 0.5302734375 0.5302734375 0.5224609375 0.5390625 0.5009765625 0.544921875 0.4677734375 0.5244140625 0.462890625 0.53759765625 0.462890625 0.56689453125 0.47265625 0.59033203125 0.4814453125 0.603515625 0.4912109375 0.609375 0.51953125 0.61083984375 0.52734375 0.59912109375 0.53125 0.58154296875 0.5390625 0.57275390625 0.5390625 0.54638671875
2 0.4580078125 0.380859375 0.4453125 0.36474609375 0.435546875 0.33544921875 0.4345703125 0.322265625 0.4189453125 0.322265625 0.40234375 0.35595703125 0.40234375 0.39111328125 0.40625 0.40576171875 0.4248046875 0.43359375 0.43359375 0.43212890625 0.4541015625 0.4306640625 0.470703125 0.40576171875 0.474609375 0.38818359375 0.4580078125 0.380859375