0 0.8046875 0.80078125 0.22421875 0.15859375
0 0.9375 0.63125 0.125 0.20078125
0 0.725 0.6171875 0.2109375 0.16640625
0 0.50625 0.80078125 0.22109375 0.15390625
0 0.24609375 0.79921875 0.17421875 0.16171875
0 0.04296875 0.81015625 0.0859375 0.15625
0 0.0625 0.634375 0.11953125 0.16953125
0 0.265625 0.64609375 0.1875 0.17734375
0 0.49609375 0.634375 0.1484375 0.14296875
0 0.87890625 0.48046875 0.13828125 0.1171875
0 0.6796875 0.46875 0.16640625 0.11953125
0 0.490625 0.48046875 0.1640625 0.1484375
0 0.30859375 0.48984375 0.15859375 0.13046875
0 0.103125 0.49375 0.1796875 0.12734375
0 0.1578125 0.3765625 0.12265625 0.1015625
0 0.31640625 0.3671875 0.12265625 0.10390625
0 0.6390625 0.353125 0.12265625 0.12734375
0 0.796875 0.3515625 0.109375 0.13515625
0 0.16796875 0.2796875 0.1171875 0.09140625
0 0.3375 0.26953125 0.12265625 0.11171875
0 0.47421875 0.27890625 0.11484375 0.11484375