2 0.4726562484375 0.2978515640625 0.4765624984375 0.3544921859375 0.4990234359375 0.3710937515625 0.6347656265625 0.3857421859375 0.9912109375 0.3007812484375 1 0.2060546890625 0.5537109375 0.2578124984375 0.4726562484375 0.2978515640625
2 0.4746093734375 0.3212890625 0.4404296890625 0.2753906265625 0.3759765640625 0.2558593734375 0.0029296890625 0.2910156265625 0 0.4130859375 0.039062498437499996 0.4130859375 0.3173828140625 0.40625 0.4482421859375 0.3691406265625 0.4746093734375 0.3466796890625 0.4746093734375 0.3212890625
2 0.4277343734375 0.4619140625 0.3876953109375 0.4316406265625 0.2685546890625 0.4101562484375 0.0009765640625 0.4179687515625 0 0.6376953109375 0.011718751562500001 0.6396484359375 0.1806640625 0.6289062484375 0.3525390625 0.5820312484375 0.421875 0.5380859375 0.4277343734375 0.4619140625
2 0.0009765640625 0.21875 0.25 0.2177734359375 0.361328125 0.12207031093750001 0.3505859375 0.07031249843750001 0 0.0556640625 0.0009765640625 0.21875
2 0.4873046890625 0.7402343734375 0.4492187515625 0.7060546890625 0.4404296890625 0.6445312484375 0 0.6513671859375 0.0048828140625 0.796875 0.2998046890625 0.794921875 0.5742187515625 0.8505859375 0.6455078140625 0.8242187515625 0.6601562484375 0.8037109375 0.6523437515625 0.7724609375 0.4873046890625 0.7402343734375
2 0.3076171859375 0.798828125 0 0.8095703109375 0.0009765640625 1 0.5253906265625 0.9990234359375 0.560546875 0.9638671859375 0.5664062484375 0.8896484359375 0.5126953109375 0.8359375015625 0.3076171859375 0.798828125
2 0.453125 0.6572265640625 0.4570312484375 0.7080078140625 0.5205078140625 0.7460937515625 1 0.7802734359375 0.9990234359375 0.466796875 0.7294921859375 0.5234375015625 0.5341796890625 0.59375 0.453125 0.6572265640625
2 0.5498046890625 0.4628906265625 0.517578125 0.4970703109375 0.5195312484375 0.5302734359375 0.5537109375 0.5546875015625 0.6015624984375 0.5576171859375 0.9970703109375 0.4609375015625 1 0.3056640625 0.6962890625 0.3867187515625 0.5498046890625 0.4628906265625
2 0.5517578140625 0.1484375015625 0.5253906265625 0.1943359375 0.5380859375 0.2246093734375 0.6015624984375 0.2490234359375 0.9970703109375 0.201171875 1 0.11035156406249999 0.5869140625 0.1328124984375 0.5517578140625 0.1484375015625
2 0.3242187515625 0.1494140625 0.328125 0.2060546890625 0.3603515640625 0.2421875015625 0.4746093734375 0.2900390625 0.546875 0.2509765640625 0.5205078140625 0.1796875015625 0.4111328140625 0.1347656265625 0.3242187515625 0.1494140625
2 0.4326171859375 0.046875 0.5810546890625 0.09375 0.890625 0.11035156406249999 1 0.10449218593750001 0.9990234359375 0 0.376953125 0.0048828140625 0.4326171859375 0.046875
2 0.7138671859375 0.7929687515625 0.5771484359375 0.8652343734375 0.5742187515625 0.9287109375 0.626953125 0.9384765640625 0.5966796890625 0.9433593734375 0.5927734359375 0.9609375015625 0.5771484359375 0.9492187515625 0.578125 0.9814453109375 0.6279296890625 0.9902343734375 0.6376953109375 0.966796875 0.6464843734375 0.9912109375 0.7666015640625 0.9414062484375 0.9951171859375 0.8828124984375 1 0.7880859375 0.7138671859375 0.7929687515625