0 0.7375 0.82265625 0.346875 0.3546875
0 0.83046875 0.48203125 0.27578125 0.296875
0 0.35390625 0.90234375 0.27578125 0.1953125
0 0.05078125 0.90703125 0.1015625 0.1859375
0 0.2125 0.56015625 0.26328125 0.328125
0 0.12265625 0.28515625 0.1875 0.26328125
0 0.35546875 0.23828125 0.1796875 0.17421875
0 0.61875 0.19375 0.13828125 0.20546875
0 0.88671875 0.15390625 0.2109375 0.18203125
0 0.0453125 0.57734375 0.090625 0.2765625
0 0.08515625 0.090625 0.1515625 0.18125
0 0.26328125 0.07265625 0.1734375 0.1453125
0 0.453125 0.078125 0.16640625 0.15625
0 0.9046875 0.03203125 0.190625 0.0640625
0 0.67109375 0.03984375 0.1609375 0.0796875
0 0.525 0.53515625 0.23671875 0.34140625