0 0.15625 0.63828125 0.3125 0.42734375
0 0.5 0.80859375 0.38046875 0.3828125
0 0.83203125 0.67734375 0.3046875 0.38515625
0 0.71875 0.37265625 0.21328125 0.25
0 0.48828125 0.46484375 0.2421875 0.2734375
0 0.25390625 0.32265625 0.2421875 0.265625
0 0.48046875 0.2171875 0.21640625 0.2421875
0 0.91875 0.24296875 0.1625 0.2109375
0 0.89296875 0.08984375 0.203125 0.1796875
0 0.6921875 0.1234375 0.18125 0.246875
0 0.51015625 0.0828125 0.1828125 0.165625
0 0.30703125 0.1234375 0.17734375 0.1796875
0 0.09453125 0.18671875 0.1890625 0.2859375
0 0.15234375 0.04375 0.1609375 0.0875
0 0.95703125 0.47890625 0.0859375 0.234375
0 0.0453125 0.39765625 0.090625 0.2078125
0 0.3328125 0.03203125 0.15625 0.0640625