2 0.4482421859375 0.27204241093750003 0.3994140640625 0.27553013125 0.34765625 0.3609793515625 0.3574218734375 0.47258649375 0.4160156265625 0.5318777921875 0.4316406265625 0.49002511249999997 0.41015625 0.430733815625 0.4082031265625 0.3714425234375 0.4482421859375 0.27204241093750003
2 0.4287109359375 0.3069196421875 0.4082031265625 0.4028320296875 0.4199218734375 0.45514788125 0.4599609359375 0.5196707625 0.5332031265625 0.528390065625 0.532645090625 0.53636200625 0.53515625 0.52141461875 0.58203125 0.44119698749999997 0.5839843734375 0.37493024375 0.5380859359375 0.28599330312500004 0.4853515640625 0.27204241093750003 0.4287109359375 0.3069196421875
2 0.5732421859375 0.1081194171875 0.4951171859375 0.146484375 0.4707031265625 0.20403180937499998 0.47265625 0.266810828125 0.5361328140625 0.2825055828125 0.58984375 0.35749163125 0.640625 0.270298546875 0.63671875 0.1761300234375 0.6064453140625 0.12555803593749998 0.5732421859375 0.1081194171875
2 0.5908203140625 0.0034877265625 0.4794921859375 0.024414059374999998 0.4589843734375 0.12032645312500001 0.48046875 0.172642296875 0.5380859359375 0.1081194171875 0.6220703140625 0.11509486875 0.62109375 0.040108815625 0.5908203140625 0.0034877265625
2 0.28515625 0.074986046875 0.2978515640625 0.146484375 0.43359375 0.1586914046875 0.44921875 0.074986046875 0.4169921859375 0.0034877265625 0.3271484359375 0 0.28515625 0.074986046875
2 0.3115234359375 0.146484375 0.29296875 0.1831054703125 0.2890625 0.23542131562500002 0.3261718734375 0.301688059375 0.4501953140625 0.268554690625 0.453125 0.1900809171875 0.4384765640625 0.1639229875 0.3115234359375 0.146484375
2 0.2392578140625 0.2232142859375 0.2041015640625 0.21275111875000002 0.171875 0.2458844875 0.15234375 0.3226143984375 0.1933593734375 0.35749163125 0.21484375 0.45863560156250005 0.23828125 0.40631975625 0.2363281265625 0.319126671875 0.2675781265625 0.28773716718750003 0.2392578140625 0.2232142859375
2 0.2783203140625 0.31040736875 0.23828125 0.319126671875 0.2402343734375 0.40980747656250005 0.2265625 0.44119698749999997 0.2265625 0.5562918515625 0.26171875 0.563267296875 0.3134765640625 0.526646203125 0.3417968734375 0.45514788125 0.3261718734375 0.3540039046875 0.2783203140625 0.31040736875
2 0.2373046859375 0.1081194171875 0.2050781265625 0.1482282375 0.2099609359375 0.2092633921875 0.2490234359375 0.2301897328125 0.2763671859375 0.3034319171875 0.30859375 0.319126671875 0.2871093734375 0.22844586875 0.296875 0.155203684375 0.2822265640625 0.1081194171875 0.2373046859375 0.1081194171875
2 0.1708984359375 0.331333703125 0.09179687343750001 0.3784179703125 0.14453125 0.43770926250000003 0.15234375 0.5737304703125 0.18359375 0.5388532374999999 0.2050781265625 0.4516601546875 0.1972656265625 0.37493024375 0.1708984359375 0.331333703125
2 0.08496093593750001 0.3871372734375 0.0292968734375 0.465611046875 0.0253906265625 0.5318777921875 0.0556640640625 0.60337611875 0.1015625 0.612095421875 0.140625 0.5841936375000001 0.15234375 0.479561940625 0.1298828140625 0.415039059375 0.08496093593750001 0.3871372734375
2 0 0.6155831484375 0.032226564062500004 0.6626674109375 0.0859375 0.66789899375 0.12109375 0.6295340421875 0.045898435937499996 0.5964006671875001 0.008789064062500001 0.481305803125 0 0.6155831484375
2 0.1923828140625 0.610351559375 0.1621093734375 0.66789899375 0.1640625 0.789969309375 0.2099609359375 0.87890625 0.2421875 0.8806501125 0.2792968734375 0.8178710953125 0.28515625 0.692313059375 0.2509765640625 0.6173270125 0.1923828140625 0.610351559375
2 0.07226562656249999 0.186593190625 0.07226562656249999 0.252859934375 0.09765625 0.3051757796875 0.07617187343750001 0.3400530125 0.12304687343750001 0.3435407375 0.16796875 0.252859934375 0.1669921859375 0.0941685234375 0.11230468593750001 0.1081194171875 0.07226562656249999 0.186593190625
2 0 0.37493024375 0.037109373437499996 0.3784179703125 0.0859375 0.301688059375 0.06835937343750001 0.23542131562500002 0.07910156406249999 0.146484375 0.0283203140625 0.23367745312500002 0 0.22844586875 0 0.37493024375
2 0.3193359359375 0.6766183031249999 0.2871093734375 0.6818498875000001 0.2832031265625 0.8074079218750001 0.2636718734375 0.8597237734375 0.2988281265625 0.8911132796875 0.3427734359375 0.8649553578125 0.36328125 0.8178710953125 0.3613281265625 0.74811663125 0.3193359359375 0.6766183031249999
2 0.3916015640625 0.6626674109375 0.3544921859375 0.634765625 0.37890625 0.7271902921875 0.37890625 0.789969309375 0.4316406265625 0.8004324765625 0.4824218734375 0.755092078125 0.5 0.692313059375 0.4941406265625 0.643484934375 0.3916015640625 0.6626674109375
2 0.5810546859375 0.4568917375 0.5488281265625 0.510951453125 0.5175781265625 0.6225585953125 0.5400390640625 0.68359375 0.58984375 0.709751671875 0.6386718734375 0.65046038125 0.6503906265625 0.563267296875 0.6298828140625 0.49874441718750007 0.5810546859375 0.4568917375
2 0.6279296859375 0.39760044687499996 0.6542968734375 0.5667550234375 0.6425781265625 0.65046038125 0.65234375 0.660923546875 0.69921875 0.5981445296875 0.7050781265625 0.49351283281249997 0.6806640640625 0.42550223281250005 0.6279296859375 0.39760044687499996
2 0.6748046859375 0.122070309375 0.6259765640625 0.11509486875 0.61328125 0.13078961875 0.640625 0.1831054703125 0.6425781265625 0.2737862734375 0.6171875 0.3435407375 0.64453125 0.3540039046875 0.703125 0.319126671875 0.6738281265625 0.22147042187500002 0.6953125 0.1482282375 0.6748046859375 0.122070309375
2 0.7822265640625 0.1290457625 0.7060546859375 0.136021203125 0.67578125 0.1935686375 0.68359375 0.266810828125 0.7216796859375 0.33482142812500004 0.77734375 0.35749163125 0.8173828140625 0.3278459828125 0.8359375 0.2807617203125 0.8300781265625 0.186593190625 0.7822265640625 0.1290457625
2 0.8291015640625 0.0627790171875 0.8066406265625 0.0994001125 0.82421875 0.169154578125 0.8837890640625 0.2825055828125 0.9042968734375 0.2807617203125 0.94921875 0.20403180937499998 0.9472656265625 0.10637555937500001 0.8974609359375 0.048828125 0.8291015640625 0.0627790171875
2 0.8447265640625 0.4220145125 0.7714843734375 0.479561940625 0.7578125 0.5179268984375 0.76171875 0.6155831484375 0.7783203140625 0.6487165171875 0.8046875 0.6539481015625 0.90234375 0.60163225625 0.921875 0.5074637265625 0.8974609359375 0.449916296875 0.8447265640625 0.4220145125
2 0.8603515640625 0.331333703125 0.83984375 0.3888811375 0.8544921859375 0.415039059375 0.9306640640625 0.4220145125 0.9619140640625 0.49874441718750007 0.98046875 0.497000559375 0.9921875 0.416782921875 0.9541015640625 0.32087053593750003 0.8896484359375 0.3069196421875 0.8603515640625 0.331333703125
2 0.9697265640625 0.5092075890625 0.93359375 0.5562918515625 0.9140625 0.6225585953125 0.9238281265625 0.6783621671875 0.9599609359375 0.624302453125 1 0.6155831484375 0.9990234359375 0.5022321421875 0.9697265640625 0.5092075890625
2 0.7294921859375 0.66615513125 0.6962890640625 0.6905691968750001 0.671875 0.741141184375 0.6689453140625 0.8231026781249999 0.7294921859375 0.8196149531250001 0.796875 0.8666992203125 0.8300781265625 0.8178710953125 0.8339843734375 0.741141184375 0.7958984359375 0.6696428578125 0.7294921859375 0.66615513125
2 0.6650390640625 0.70103236875 0.6240234359375 0.6905691968750001 0.5654296859375 0.7184709828125 0.5371093734375 0.772530690625 0.53515625 0.8283342625 0.5498046859375 0.8719308031249999 0.5791015640625 0.9102957625 0.62109375 0.9190150656249999 0.6328125 0.8632114937500001 0.6640625 0.8213588156249999 0.67578125 0.723702565625 0.6650390640625 0.70103236875
2 0.7861328140625 0.8823939765625 0.7744140640625 0.8510044640625001 0.7333984359375 0.8265904046875001 0.6591796859375 0.8370535718750001 0.6328125 0.8736746671875 0.625 0.9225027921875 0.6474609359375 0.9974888390625001 0.8847656265625 0.9957449765625 0.8847656265625 0.9399414046875 0.8564453140625 0.87890625 0.8154296859375 0.8579799109374999 0.7861328140625 0.8823939765625
2 0.8828125 0.7760184171875 0.89453125 0.8876255593750001 0.9130859359375 0.9172712031250001 0.9628906265625 0.9259905125 1 0.9050641718750001 0.9990234359375 0.6208147328125 0.9619140640625 0.6277901781249999 0.8828125 0.7760184171875