0 0.30234375 0.521875 0.22890625 0.32578125
0 0.509375 0.47421875 0.20078125 0.28125
0 0.71328125 0.475 0.22890625 0.31015625
0 0.9046875 0.46484375 0.190625 0.2859375
0 0.1078125 0.5203125 0.215625 0.30625
0 0.1484375 0.796875 0.25546875 0.22421875
0 0.40234375 0.77578125 0.2578125 0.25546875
0 0.65234375 0.765625 0.20078125 0.27109375
0 0.88359375 0.76640625 0.2328125 0.2796875
0 0.06328125 0.28046875 0.1265625 0.2140625
0 0.2109375 0.28125 0.1875 0.19765625
0 0.3984375 0.25625 0.16640625 0.16953125
0 0.571875 0.228125 0.17421875 0.1953125
0 0.74765625 0.23203125 0.1875 0.203125
0 0.91640625 0.2296875 0.1671875 0.159375
0 0.92578125 0.07265625 0.1484375 0.1453125
0 0.7734375 0.0765625 0.15625 0.153125
0 0.61953125 0.07109375 0.1203125 0.1421875
0 0.44453125 0.08828125 0.1671875 0.1765625
0 0.29765625 0.09609375 0.1703125 0.1921875
0 0.11875 0.08984375 0.17421875 0.1796875