1 0.2984375 0.63359375 0.2765625 0.37734375
1 0.434375 0.51875 0.12734375 0.21875
1 0.56015625 0.57109375 0.24765625 0.53515625
1 0.69609375 0.4234375 0.06875 0.13125
1 0.16015625 0.4453125 0.2109375 0.48671875
1 0.09453125 0.4921875 0.16015625 0.46484375
1 0.765625 0.3609375 0.290625 0.26796875
1 0.91640625 0.459375 0.0984375 0.21328125
1 0.7125 0.37421875 0.1421875 0.28984375
1 0.5125 0.3359375 0.15234375 0.3609375
1 0.42734375 0.14453125 0.18515625 0.10390625
1 0.3671875 0.3796875 0.23984375 0.2296875
1 0.3234375 0.171875 0.1421875 0.16953125