2 0.11816406406249999 0.3061119625 0.0732421875 0.250455240625 0.0419921875 0.2615865859375 0.037109375 0.40351121875 0.083984375 0.581612721875 0.1884765625 0.8515478125 0.2353515625 0.9183358796875 0.2636718765625 0.9266843828125 0.28515625 0.8598963234375001 0.287109375 0.7875425859375 0.25390625 0.631703775 0.11816406406249999 0.3061119625
2 0.044921876562500004 0.82650229375 0.07519531093750001 0.8960731875000001 0.10156250156249999 0.8988560296875001 0.125 0.8598963234375001 0.0478515625 0.6845776546875 0.039062501562500004 0.7263201953125 0.044921876562500004 0.82650229375
2 0.2080078125 0.066788059375 0.1738281234375 0.1252276171875 0.16796875 0.24767240625000003 0.1943359359375 0.333940315625 0.2324218765625 0.34785449687500003 0.26171875 0.2810664359375 0.2675781234375 0.153055978125 0.2509765625 0.0890507515625 0.2080078125 0.066788059375
2 0.3701171875 0.0946164203125 0.3369140640625 0.07791940625 0.302734375 0.1474903078125 0.296875 0.230975390625 0.3212890640625 0.3506373390625 0.3574218765625 0.3701171875 0.3671874984375 0.35898584218749996 0.3671874984375 0.230975390625 0.390625 0.1474903078125 0.3701171875 0.0946164203125
2 0.1269531234375 0.21427836875 0.1474609359375 0.0723537375 0.1103515625 0.0834850828125 0.083984375 0.1641873234375 0.1269531234375 0.21427836875
2 0.2744140640625 0.57326421875 0.2949218765625 0.576047053125 0.2988281234375 0.44803659375000005 0.2392578125 0.406294053125 0.244140625 0.509258984375 0.2744140640625 0.57326421875
2 0.3212890640625 0.695709 0.349609375 0.71518885 0.390625 0.6484007890625 0.3056640640625 0.4953448046875 0.2988281234375 0.620572428125 0.3212890640625 0.695709
2 0.4169921875 0.35620300781249997 0.3886718765625 0.43690524843749995 0.390625 0.542653021875 0.4150390640625 0.6122239171875 0.44921875 0.6150067515625001 0.478515625 0.5370873453125 0.4824218765625 0.425773909375 0.4521484375 0.3506373390625 0.4169921875 0.35620300781249997
2 0.4384765625 0.1614044890625 0.4091796890625 0.14470747343749998 0.3730468765625 0.20871270000000003 0.3671874984375 0.33115748125 0.3925781234375 0.4090768953125 0.4130859359375 0.35620300781249997 0.458984375 0.34228882656250004 0.4609374984375 0.2421067296875 0.4384765625 0.1614044890625
2 0.3300781234375 0.9211187140625 0.3515625015625 0.9266843828125 0.3769531234375 0.8765933390624999 0.3837890640625 0.7958910984374999 0.3359374984375 0.8042396015625 0.3300781234375 0.9211187140625
2 0.46484375 0.8376336312499999 0.4560546890625 0.7068403453125 0.4082031234375 0.7207545265624999 0.4248046890625 0.8125881125 0.46484375 0.8376336312499999
2 0.5517578125 0.6678806390625 0.5175781234375 0.7430172109375001 0.5136718765625 0.8209366171875001 0.5419921875 0.929467225 0.572265625 0.932250059375 0.59765625 0.8821590078125 0.603515625 0.7875425859375 0.5830078125 0.6901433234375001 0.5517578125 0.6678806390625
2 0.6630859359375 0.634486609375 0.6484374984375 0.6595321281250001 0.6230468765625 0.8598963234375001 0.6259765625 0.89050751875 0.65234375 0.887724684375 0.677734375 0.8376336312499999 0.6875 0.770845571875 0.6796874984375 0.6817948203124999 0.6630859359375 0.634486609375
2 0.7333984375 0.6845776546875 0.70703125 0.737451540625 0.7011718765625 0.8320679625 0.7177734375 0.9127702109375001 0.75390625 0.932250059375 0.7792968765625 0.893290353125 0.7890625015625 0.7875425859375 0.7646484375 0.695709 0.7333984375 0.6845776546875
2 0.71875 0.4536022703125 0.70703125 0.5482186921875 0.724609375 0.620572428125 0.7890625015625 0.44803659375000005 0.7822265625 0.4229910671875 0.7470703109375 0.406294053125 0.71875 0.4536022703125
2 0.8193359359375 0.46195077500000004 0.796875 0.509258984375 0.787109375 0.6094410828125 0.8076171875 0.70127466875 0.8417968765625 0.7207545265624999 0.8457031234375 0.5871783984375 0.8730468765625 0.5148246609375 0.8525390640625 0.4675164515625 0.8193359359375 0.46195077500000004
2 0.8935546890625 0.5343045109375 0.8642578125 0.5454358578125 0.8417968765625 0.6428351125 0.84765625 0.737451540625 0.87890625 0.7819769171875001 0.8984374984375 0.6595321281250001 0.9238281234375 0.631703775 0.916015625 0.5704813765625001 0.8935546890625 0.5343045109375
2 0.8300781234375 0.9266843828125 0.86328125 0.8543306546875 0.8154296890625 0.81815378125 0.7988281234375 0.9099873687500001 0.8300781234375 0.9266843828125
2 0.9228515625 0.634486609375 0.8925781234375 0.6873604890625 0.8828125015625 0.7986739328125 0.9013671875 0.8793761734375 0.931640625 0.9044217 0.9667968765625 0.8543306546875 0.974609375 0.737451540625 0.9541015625 0.65674929375 0.9228515625 0.634486609375
2 0.8886718765625 0.425773909375 0.9052734375 0.4953448046875 0.9511718765625 0.52039033125 0.9707031234375 0.48699630000000005 0.9736328125 0.445253759375 0.890625 0.36455151875 0.8886718765625 0.425773909375
2 0.8203125015625 0.40351121875 0.865234375 0.381248534375 0.8525390640625 0.256020909375 0.8261718765625 0.30332912031250003 0.8203125015625 0.40351121875
2 0.9306640640625 0.061222390625 0.896484375 0.11966194687500001 0.890625 0.230975390625 0.9111328125 0.31167763125 0.9511718765625 0.3255918125 0.978515625 0.2643694203125 0.9824218765625 0.1641873234375 0.9638671875 0.0890507515625 0.9306640640625 0.061222390625