1 0.1953125 0.41953125 0.1515625 0.259375
1 0.259375 0.28359375 0.14453125 0.2359375
1 0.43359375 0.2109375 0.17265625 0.271875
1 0.48046875 0.134375 0.12109375 0.20703125
1 0.34296875 0.35859375 0.06171875 0.1578125
1 0.309375 0.49453125 0.12109375 0.15
1 0.428125 0.43125 0.16640625 0.26171875
1 0.58828125 0.35625 0.14609375 0.29296875
1 0.5296875 0.4921875 0.06015625 0.07734375
1 0.7125 0.57265625 0.14765625 0.2125
1 0.6015625 0.6890625 0.16640625 0.2953125
1 0.7 0.77734375 0.175 0.33125
1 0.80703125 0.6953125 0.1828125 0.29765625