0 0.7546875 0.85234375 0.296875 0.2953125
0 0.94765625 0.78046875 0.1046875 0.2453125
0 0.4140625 0.90234375 0.31796875 0.1953125
0 0.121875 0.81640625 0.24375 0.3203125
0 0.415625 0.696875 0.26796875 0.29921875
0 0.1859375 0.58359375 0.24765625 0.27109375
0 0.0453125 0.4640625 0.090625 0.175
0 0.078125 0.33046875 0.15625 0.14609375
0 0.23671875 0.3890625 0.21875 0.20078125
0 0.4453125 0.47421875 0.22421875 0.23984375
0 0.73046875 0.60546875 0.2421875 0.26796875
0 0.9265625 0.52109375 0.146875 0.2484375
0 0.7015625 0.421875 0.23671875 0.21875
0 0.48046875 0.33828125 0.1953125 0.1875
0 0.290625 0.271875 0.18515625 0.1171875
0 0.1328125 0.22109375 0.14609375 0.125
0 0.0296875 0.16484375 0.059375 0.1078125
0 0.05546875 0.0875 0.1109375 0.09375
0 0.18515625 0.12890625 0.11953125 0.0859375
0 0.31484375 0.16171875 0.140625 0.10390625
0 0.484375 0.2046875 0.15078125 0.10703125
0 0.68515625 0.2484375 0.17734375 0.17421875
0 0.90859375 0.3578125 0.1828125 0.2
0 0.88125 0.1890625 0.18515625 0.16953125
0 0.50234375 0.11328125 0.140625 0.1015625
0 0.67734375 0.1390625 0.18203125 0.1796875
0 0.359375 0.08203125 0.125 0.08046875
0 0.225 0.05625 0.11171875 0.0703125
0 0.11328125 0.02734375 0.0859375 0.0546875
0 0.2421875 0.01796875 0.109375 0.0359375
0 0.35546875 0.02578125 0.1171875 0.0515625
0 0.5015625 0.03359375 0.11875 0.0671875
0 0.6625 0.03125 0.12734375 0.0625
0 0.96171875 0.0796875 0.0765625 0.140625