1 0.64140625 0.70703125 0.33125 0.20703125
1 0.84453125 0.828125 0.3109375 0.225
1 0.83984375 0.365625 0.3203125 0.18515625
1 0.20859375 0.1125 0.4078125 0.225
1 0.14921875 0.44921875 0.29375 0.38515625
1 0.74765625 0.2671875 0.4890625 0.26875
1 0.4453125 0.5421875 0.35859375 0.23671875
1 0.87734375 0.6125 0.24453125 0.265625
1 0.49453125 0.04765625 0.33671875 0.09453125
1 0.71640625 0.0578125 0.5640625 0.115625
1 0.41875 0.20546875 0.31484375 0.18515625
1 0.6140625 0.4984375 0.31015625 0.20703125