1 0.25 0.72890625 0.10703125 0.26171875
1 0.33203125 0.6640625 0.0796875 0.375
1 0.41015625 0.7234375 0.08671875 0.3515625
1 0.478125 0.6578125 0.08359375 0.2265625
1 0.58203125 0.64296875 0.0734375 0.32734375
1 0.6734375 0.70859375 0.08359375 0.2203125
1 0.76796875 0.64609375 0.09296875 0.19609375
1 0.16171875 0.30078125 0.3234375 0.6015625
1 0.25 0.23828125 0.21328125 0.4765625
1 0.3265625 0.27109375 0.1703125 0.5359375
1 0.4734375 0.2734375 0.18359375 0.54140625
1 0.56796875 0.23828125 0.11640625 0.4765625
1 0.66796875 0.30078125 0.09296875 0.6015625
1 0.68359375 0.309375 0.2265625 0.4703125