2 0.5742187484375 0.47400636093750004 0.556640625 0.40650080937500005 0.5068359375 0.34339779843749996 0.3818359375 0.3023074640625 0.3369140625 0.32578765625 0.306640625 0.368345503125 0.2851562515625 0.4329160265625 0.2832031234375 0.5209667437500001 0.3046874984375 0.6178225296875001 0.3408203125 0.6867955953125 0.3857421890625 0.7249509078124999 0.4453125015625 0.7293534421875 0.4892578109375 0.707340759375 0.546875 0.63249765 0.5742187484375 0.5561870328125 0.5742187484375 0.47400636093750004
2 0.3935546875 0 0.3925781234375 0.1423486609375 0.416015625 0.21572425625 0.4179687484375 0.29203487968749997 0.4511718765625 0.30377497343750004 0.4882812515625 0.2392044484375 0.494140625 0.08951822968749999 0.4443359375 0.0058700484375 0.3935546875 0
2 0.416015625 0.256814590625 0.4042968765625 0.1775689453125 0.3662109375 0.114465934375 0.3076171890625 0.0792456453125 0.2392578109375 0.0733755953125 0.181640625 0.11006339843749999 0.1992187484375 0.245074496875 0.15625 0.374215546875 0.2177734359375 0.47547387499999993 0.265625 0.49455152968749994 0.3125 0.3478003328125 0.3564453125 0.3052424859375 0.4111328109375 0.29350239375 0.416015625 0.256814590625
2 0 0.4123708578125 0.0585937484375 0.42704597812499995 0.1337890625 0.375683059375 0.1894531234375 0.2392044484375 0.1796874984375 0.127673540625 0.10449218906249999 0.0469603828125 0 0.054297940625 0 0.4123708578125
2 0 0.7616387046875001 0.0576171890625 0.8394168359374999 0.1523437484375 0.876104634375 0.2001953125 0.8628970265625 0.2363281234375 0.8203391796874999 0.2695312515625 0.682393059375 0.255859375 0.576732196875 0.2265625015625 0.49161650312500005 0.1748046875 0.440253584375 0.1181640625 0.43731856249999995 0.045898435937499996 0.4813439234375 0 0.5415119125000001 0 0.7616387046875001
2 0.4326171890625 0.7425610484375 0.3662109375 0.7836513828125 0.3203125015625 0.84088435 0.296875 0.902519853125 0.2958984359375 0.99790813125 0.4863281234375 0.9964406171875 0.484375 0.876104634375 0.521484375 0.78218386875 0.4833984359375 0.7484310984375 0.4326171890625 0.7425610484375
2 0.3603515640625 0.713210809375 0.3212890625 0.6603803765625 0.271484375 0.7088082734375 0.244140625 0.8203391796874999 0.2851562515625 0.981765496875 0.2929687484375 0.899584825 0.3164062515625 0.84088435 0.4199218765625 0.7381585140625 0.3603515640625 0.713210809375
2 0.6181640625 0.739626021875 0.5537109375 0.7631062187500001 0.4921874984375 0.86142951875 0.4863281234375 0.9318700921874999 0.5068359375 0.99790813125 0.744140625 0.9964406171875 0.7480468765625 0.864364540625 0.7207031234375 0.7909889453125001 0.6787109375 0.7484310984375 0.6181640625 0.739626021875
2 0.7519531234375 0.4417210984375 0.7216796875 0.3991632515625 0.5703125015625 0.42411095625 0.5761718765625 0.5708621468749999 0.5078125015625 0.69119813125 0.5322265640625 0.739626021875 0.5625 0.7528336343750001 0.6826171890625 0.739626021875 0.7539062515625 0.6647829125 0.775390625 0.550316984375 0.7519531234375 0.4417210984375
2 0.7695312515625 0.1511537328125 0.75 0.095388278125 0.6943359375 0.035220284375 0.6181640625 0.0058700484375 0.5712890625 0.0117400984375 0.5283203125 0.041090332812500005 0.5019531234375 0.0865832078125 0.490234375 0.23333439843749998 0.5234374984375 0.341930284375 0.5556640625 0.38448813125000003 0.5966796875 0.413838371875 0.6523437484375 0.4123708578125 0.6923828109375 0.39035817968750003 0.755859375 0.2979049296875 0.7734374984375 0.22452932812499998 0.7695312515625 0.1511537328125
2 0.9648437484375 0.218659278125 0.9375 0.0983233 0.8408203125 0.014675120312500001 0.7685546875 0.014675120312500001 0.7265625015625 0.054297940625 0.7675781234375 0.1247385140625 0.7773437484375 0.22452932812499998 0.724609375 0.368345503125 0.7695312515625 0.400630765625 0.7890625015625 0.309645021875 0.8388671890625 0.23186689062500002 0.8759765640625 0.2083867 0.9648437484375 0.218659278125
2 0.8779296875 0.21425674374999998 0.8408203125 0.237736934375 0.7949218765625 0.30671 0.7734374984375 0.3800855953125 0.7734374984375 0.44759114687499996 0.8251953125 0.557654540625 0.8701171890625 0.59287483125 0.9394531234375 0.597277365625 0.9960937484375 0.550316984375 0.9960937484375 0.30377497343750004 0.9580078109375 0.23186689062500002 0.8779296875 0.21425674374999998
2 1 0.68532808125 0.9580078109375 0.6398352125 0.8837890625 0.6280951140625 0.8486328109375 0.6310301421875 0.7841796875 0.680925546875 0.7480468765625 0.8027290375 0.7890625015625 0.9729604265624999 0.8076171890625 0.99790813125 0.9570312515625 0.9964406171875 1 0.9436101859375 1 0.68532808125