1 0.5203125 0.61328125 0.2046875 0.2
1 0.6046875 0.35546875 0.15546875 0.16015625
1 0.72421875 0.44453125 0.18203125 0.16875
1 0.46640625 0.2578125 0.19140625 0.18671875
1 0.47109375 0.42890625 0.2046875 0.178125
1 0.184375 0.4890625 0.36875 0.30703125
1 0.70859375 0.59296875 0.1953125 0.15546875
1 0.34921875 0.34921875 0.115625 0.1640625
1 0.2625 0.4734375 0.20859375 0.26640625
1 0.3359375 0.646875 0.32890625 0.253125
1 0.88671875 0.62421875 0.19140625 0.20859375
1 0.85078125 0.51328125 0.1203125 0.1203125
1 0.67578125 0.7421875 0.1640625 0.1734375
1 0.8 0.7109375 0.1953125 0.19140625