0 0.26328125 0.91171875 0.35390625 0.09921875
0 0.76953125 0.853125 0.40390625 0.20546875
0 0.28671875 0.76796875 0.34921875 0.18203125
0 0.334375 0.59921875 0.31484375 0.19296875
0 0.36328125 0.45546875 0.34140625 0.140625
0 0.38515625 0.3515625 0.33359375 0.140625
0 0.40390625 0.25625 0.28125 0.1171875
0 0.40390625 0.1875 0.265625 0.10390625
0 0.4234375 0.09765625 0.23203125 0.09140625
0 0.42578125 0.03203125 0.2109375 0.0640625
0 0.72265625 0.69140625 0.31484375 0.14296875
0 0.7109375 0.5546875 0.36953125 0.15078125
0 0.6953125 0.4390625 0.29140625 0.10703125
0 0.69765625 0.353125 0.15625 0.09140625
0 0.67421875 0.28359375 0.234375 0.09921875
0 0.65390625 0.21484375 0.18203125 0.06484375
0 0.6578125 0.15625 0.20078125 0.07265625
0 0.63046875 0.11484375 0.20859375 0.078125
0 0.63046875 0.0625 0.16640625 0.07265625
0 0.6171875 0.02421875 0.190625 0.0484375