0 0.2109375 0.69140625 0.265625 0.3046875
0 0.49609375 0.66796875 0.29453125 0.2421875
0 0.8125 0.65390625 0.27109375 0.27109375
0 0.06640625 0.05859375 0.1328125 0.1171875
0 0.215625 0.053125 0.1625 0.10625
0 0.384375 0.05078125 0.1796875 0.1015625
0 0.55078125 0.05546875 0.1921875 0.1109375
0 0.7046875 0.0546875 0.16953125 0.109375
0 0.903125 0.0546875 0.19375 0.109375
0 0.0390625 0.15625 0.078125 0.171875
0 0.15859375 0.165625 0.16171875 0.17421875
0 0.34921875 0.15390625 0.19765625 0.19765625
0 0.540625 0.146875 0.18984375 0.18984375
0 0.7265625 0.1484375 0.17734375 0.20859375
0 0.9046875 0.13515625 0.190625 0.2078125
0 0.059375 0.5265625 0.11875 0.215625
0 0.06875 0.3921875 0.1375 0.134375
0 0.25546875 0.48984375 0.22890625 0.22421875
0 0.27890625 0.375 0.19765625 0.125
0 0.521875 0.49375 0.2578125 0.17421875
0 0.53671875 0.3890625 0.1875 0.12265625
0 0.79296875 0.46640625 0.25234375 0.17734375
0 0.75625 0.38046875 0.1796875 0.13515625
0 0.9609375 0.37265625 0.078125 0.14609375
0 0.9765625 0.484375 0.046875 0.24453125