0 0.0953125 0.08984375 0.1484375 0.13828125
0 0.23671875 0.08984375 0.16171875 0.13828125
0 0.40078125 0.0875 0.14609375 0.1328125
0 0.578125 0.09375 0.14609375 0.15078125
0 0.74765625 0.08203125 0.140625 0.13828125
0 0.92578125 0.0828125 0.1484375 0.165625
0 0.05546875 0.325 0.1109375 0.21875
0 0.22890625 0.31875 0.16171875 0.2109375
0 0.453125 0.31484375 0.19296875 0.21875
0 0.646875 0.321875 0.18515625 0.21640625
0 0.87734375 0.32421875 0.234375 0.23671875
0 0.1171875 0.703125 0.234375 0.296875
0 0.34609375 0.71484375 0.28125 0.31015625
0 0.5796875 0.72890625 0.27890625 0.34921875
0 0.88046875 0.7046875 0.234375 0.27890625