2 0.6777343765625 0.041262392187500004 0.6494140625 0.0256111390625 0.6181640625 0.048376596875 0.3427734390625 0.38416708593750004 0.279296875 0.48803448437499997 0.2558593765625 0.6132445 0.4111328125 0.4752289140625 0.6103515609375 0.21627183906249997 0.6757812515625 0.10671308125000001 0.6777343765625 0.041262392187500004
2 0.7089843765625 0.39981833906249997 0.7070312515625 0.3514417421875 0.6845703140625 0.327253446875 0.6376953140625 0.350018903125 0.4716796859375 0.5150684625 0.2939453140625 0.6431241609375 0.2089843765625 0.7526829187499999 0.263671875 0.7612199671875 0.3486328125 0.7427230328125 0.5283203140625 0.597593246875 0.6826171875 0.446772090625 0.7089843765625 0.39981833906249997
2 0.71875 0.3087565109375 0.7109374984375 0.3855899296875 0.7441406234375 0.39981833906249997 0.8066406234375 0.34290469375 0.7978515609375 0.284568215625 0.7470703140625 0.273185484375 0.71875 0.3087565109375
2 0.6875 0.4595776609375 0.689453125 0.5278740328125 0.720703125 0.564867903125 0.7617187484375 0.5051085750000001 0.7490234390625 0.40693254375 0.7158203140625 0.40693254375 0.6875 0.4595776609375
2 0.7822265609375 0.3898584515625 0.765625 0.4112010640625 0.763671875 0.4851888015625 0.7939453140625 0.5406796015625 0.8183593765625 0.54779380625 0.8398437484375 0.5051085750000001 0.8320312515625 0.43396652187500007 0.8076171875 0.392704134375 0.7822265609375 0.3898584515625
2 0.06640625156249999 0.274608321875 0.0888671875 0.34717322031250003 0.126953125 0.359978790625 0.154296875 0.32298491875 0.1376953140625 0.258957075 0.09667968593750001 0.28172253281250004 0.06640625156249999 0.274608321875
2 0.0263671875 0.2561113921875 0.001953125 0.3087565109375 0.001953125 0.37705288124999997 0.0224609375 0.42685231718749994 0.048828125 0.42827516093750007 0.076171875 0.38843560781250003 0.078125 0.32298491875 0.0576171875 0.26749411875 0.0263671875 0.2561113921875
2 0.1318359375 0.11951864999999999 0.1005859375 0.1309013765625 0.06640625156249999 0.20346627343749998 0.06640625156249999 0.25184286562499997 0.111328125 0.26891696249999997 0.1367187484375 0.24899718750000002 0.1523437484375 0.20346627343749998 0.1523437484375 0.1493983125 0.1318359375 0.11951864999999999
2 0 0.1949292265625 0.001953125 0.3030651453125 0.0205078125 0.258957075 0.0507812515625 0.24899718750000002 0.047851560937499996 0.199197746875 0 0.1949292265625
2 0.265625 0.92342385 0.3427734390625 0.9988344250000001 0.5 0.9974115859375001 0.3154296859375 0.85085895625 0.2802734390625 0.8451675906249999 0.2558593765625 0.8722015703125001 0.265625 0.92342385
2 0.4101562515625 0.8551274781249999 0.4121093765625 0.8835843015625 0.4560546859375 0.9276923703125 0.6123046859375 0.9988344250000001 0.841796875 0.9974115859375001 0.7685546859375 0.93622941875 0.4697265609375 0.8280934999999999 0.4345703140625 0.8252478171875 0.4101562515625 0.8551274781249999
2 0.810546875 0.8579731609374999 0.830078125 0.8608188437500001 0.8867187484375 0.8152879296875 0.8759765609375 0.7626428062499999 0.8242187484375 0.8039051984375 0.810546875 0.8579731609374999
2 0.857421875 0.9547263546875 0.876953125 0.9746461296875 0.9316406234375 0.92342385 0.9365234390625 0.87077873125 0.8867187484375 0.8864299843750001 0.857421875 0.9547263546875