2 0.396484375 0.250944546875 0.3583984359375 0.1614263171875 0.2880859375 0.1878415296875 0.2070312515625 0.1805039734375 0.2167968765625 0.37715057343749997 0.150390625 0.5033566015625001 0.1923828109375 0.5488494703125 0.244140625 0.5561870328125 0.2861328109375 0.5429794203125 0.3349609375 0.49308401562500004 0.3925781234375 0.37715057343749997 0.396484375 0.250944546875
2 0.4384765640625 0.002935021875 0.4140625015625 0.010272584375000001 0.4023437484375 0.07484310937500001 0.359375 0.1540887546875 0.400390625 0.256814590625 0.3945312515625 0.3976957375 0.40625 0.4035657875 0.4550781234375 0.3800855953125 0.4667968765625 0.277359759375 0.4960937484375 0.1951790875 0.4384765640625 0.002935021875
2 0.12304687656249999 0.0014675140625 0.146484375 0.07484310937500001 0.1923828109375 0.137946125 0.2529296875 0.17610143125 0.291015625 0.1746339234375 0.3583984359375 0.14381616875 0.3945312515625 0.0807131578125 0.4082031234375 0.0014675140625 0.12304687656249999 0.0014675140625
2 0 0.49455152968749994 0.08984374843750001 0.5121616718750001 0.1630859375 0.478408896875 0.2109374984375 0.3888906671875 0.21875 0.3213851203125 0.1875 0.1482187046875 0.1318359375 0.088050715625 0.07324218906249999 0.0675055515625 0 0.10419335 0 0.49455152968749994
2 0.287109375 0.7322884640625 0.2490234359375 0.6662504265625 0.2119140625 0.6310301421875 0.10839843593750001 0.6134199953125 0 0.6706529625 0.0029296875 0.99790813125 0.2460937484375 0.9964406171875 0.2705078109375 0.994973103125 0.2851562515625 0.9641553546875 0.3046874984375 0.8203391796874999 0.287109375 0.7322884640625
2 0.4580078109375 0.434383540625 0.4130859375 0.434383540625 0.3544921890625 0.4901489953125 0.3242187484375 0.5561870328125 0.306640625 0.6236925796875 0.3085937484375 0.69119813125 0.328125 0.7616387046875001 0.3779296875 0.818871671875 0.4804687484375 0.8584944921875 0.521484375 0.69119813125 0.5742187484375 0.6119524859375 0.4960937484375 0.5415119125000001 0.4580078109375 0.434383540625
2 0.771484375 0.3272551640625 0.7539062515625 0.256814590625 0.7197265640625 0.199581628125 0.6533203125 0.15262124531250001 0.5771484359375 0.14381616875 0.5283203125 0.1702313875 0.4824218765625 0.23333439843749998 0.4648437484375 0.3184500921875 0.4648437484375 0.42704597812499995 0.4804687484375 0.4974865515625 0.5146484359375 0.5517844921874999 0.5712890625 0.59287483125 0.6074218765625 0.5914073171875 0.6806640625 0.5517844921874999 0.728515625 0.49161650312500005 0.7617187484375 0.41824090781249995 0.771484375 0.3272551640625
2 1 0.168763875 0.8662109375 0.173166409375 0.806640625 0.24800951875 0.7890625015625 0.31258004375000004 0.7890625015625 0.3888906671875 0.8261718765625 0.4974865515625 0.8701171890625 0.56058956875 0.9150390625 0.6075499515625 1 0.6207575578125 1 0.168763875
2 0.7724609375 0.6985356890625 0.6943359375 0.6222250703125 0.6376953125 0.6046149234375 0.5869140625 0.616355021875 0.541015625 0.661847890625 0.5 0.8291442515625 0.5039062515625 0.9171949734375 0.5263671890625 0.9920380812499999 0.791015625 0.9964406171875 0.8144531234375 0.9465452078125001 0.822265625 0.8672995625000001 0.8105468765625 0.785118896875 0.7724609375 0.6985356890625
2 0.755859375 0.453461190625 0.6953125015625 0.5591220546875 0.7529296875 0.6339651640625 0.828125 0.641302721875 0.884765625 0.5826022453124999 0.8261718765625 0.50922665 0.7763671890625 0.3698130109375 0.755859375 0.453461190625
2 0.8837890625 0 0.7792968765625 0.05136291875 0.8330078109375 0.1320760765625 0.9453125015625 0.1423486609375 1 0.133543590625 0.9990234359375 0 0.8837890625 0
2 0.46875 0.0014675140625 0.5419921890625 0.0997908140625 0.6015625015625 0.1129984203125 0.6630859375 0.088050715625 0.6953125015625 0.048427896875 0.7011718765625 0.007337557812499999 0.46875 0.0014675140625