0 0.1734375 0.61875 0.32578125 0.36171875
0 0.54140625 0.859375 0.33828125 0.16640625
0 0.86015625 0.8328125 0.2796875 0.2125
0 0.48984375 0.59765625 0.33828125 0.37265625
0 0.81875 0.56640625 0.3625 0.3515625
0 0.171875 0.85 0.34375 0.16953125
0 0.06875 0.38671875 0.1375 0.3046875
0 0.075 0.178125 0.15 0.221875
0 0.24375 0.334375 0.2421875 0.26328125
0 0.509375 0.3109375 0.29921875 0.24765625
0 0.77734375 0.28359375 0.2421875 0.23984375
0 0.94375 0.271875 0.1125 0.253125
0 0.9296875 0.09765625 0.140625 0.1953125
0 0.734375 0.10546875 0.24453125 0.2109375
0 0.490625 0.11796875 0.253125 0.2359375
0 0.271875 0.14453125 0.2109375 0.1953125
0 0.0859375 0.05546875 0.171875 0.1109375
0 0.28671875 0.03125 0.21328125 0.0625