2 0.8466796890625 0.4983084546875 0.7138671859375 0.47280447812500004 0.703125 0.520869665625 0.7265624984375 0.5483354828125 0.7246093734375 0.6248474109375 0.7568359375 0.6474086203125 0.8398437515625 0.6601606109375 0.8759765640625 0.655256 0.9023437515625 0.6248474109375 0.9277343734375 0.5385262640625 0.8466796890625 0.4983084546875
2 0.3583984359375 0.0863211515625 0.3115234359375 0.0215802859375 0.2255859375 0.0176565984375 0.158203125 0.0774928484375 0.1523437515625 0.14419555781249999 0.1962890625 0.2059936515625 0.2851562484375 0.21678379531249997 0.345703125 0.199127196875 0.3554687515625 0.130462646875 0.4003906265625 0.0657217859375 0.3583984359375 0.0863211515625
2 0.0068359375 0.194222584375 0 0.411006384375 0.0625 0.41493007187500003 0.125 0.35411289687499997 0.123046875 0.26582990156249997 0.06542968906249999 0.1981462765625 0.0068359375 0.194222584375
2 0.07714843593750001 0.41983468281249997 0.0009765640625 0.41983468281249997 0 0.50125121875 0.06542968906249999 0.54931640625 0.111328125 0.5542210171875 0.1914062484375 0.522831509375 0.2148437515625 0.41885375937499997 0.1162109375 0.3825596390625 0.07714843593750001 0.41983468281249997
2 0.2900390625 0.6591796875 0.265625 0.685664584375 0.2597656265625 0.7798331109375 0.2734375015625 0.795527865625 0.345703125 0.750405446875 0.3515624984375 0.675855365625 0.3330078140625 0.6513323125 0.2900390625 0.6591796875
2 0.4462890625 0.8239746078125 0.3935546890625 0.8141653890624999 0.330078125 0.8779253265625 0.3203124984375 0.9897504546875 0.3466796890625 0.9946550625 0.3818359375 0.953456334375 0.3740234359375 0.9985787546875 0.4433593734375 0.9975978296875001 0.4697265640625 0.9966169109375 0.4941406265625 0.964246478125 0.4960937515625 0.8838108609375 0.4462890625 0.8239746078125
2 0.640625 0.909314834375 0.5595703109375 0.8318219859375 0.4853515640625 0.8200509203124999 0.4628906265625 0.8367265984375001 0.498046875 0.8857727046875 0.4921875015625 0.9897504546875 0.560546875 0.9975978296875001 0.5839843734375 0.9936741421875 0.5888671859375 0.955418178125 0.6367187515625 0.962284634375 0.640625 0.909314834375
2 0.9326171859375 0.7749285 1 0.8092607765625001 0.9931640625 0.5689348484375001 0.921875 0.6130763484374999 0.904296875 0.71509225 0.9326171859375 0.7749285
2 0.8115234359375 0.6846836656249999 0.7880859375 0.655256 0.7412109375 0.66114153125 0.7265624984375 0.6797790531250001 0.732421875 0.71313040625 0.767578125 0.785718646875 0.828125 0.848497665625 0.8867187515625 0.8269173750000001 0.8378906265625 0.6738935171875 0.8173828140625 0.6670270625 0.8115234359375 0.6846836656249999
2 0.7148437515625 0.901467459375 0.7216796890625 0.9946550625 0.8847656265625 0.9975978296875001 0.9648437515625 0.9367806562500001 0.9267578140625 0.8573259640625001 0.7626953109375 0.8612496515625001 0.7148437515625 0.901467459375
2 0.4960937515625 0.49340384375 0.685546875 0.38550240625 0.6552734359375 0.3217424640625 0.455078125 0.43454851406249995 0.4960937515625 0.49340384375
2 0.5898437515625 0.467899865625 0.5859375015625 0.6268092546874999 0.6064453109375 0.66114153125 0.6679687515625 0.6640842984375 0.6972656265625 0.6523132328125001 0.7128906265625 0.4306248265625 0.6376953109375 0.42375837031249997 0.5898437515625 0.467899865625
2 0.6865234359375 0.0039236875 0.6601562484375 0.09907313906250001 0.6835937515625 0.16969953124999998 0.7158203109375 0.18637520937500002 0.8066406265625 0.18735612968749998 0.857421875 0.140271865625 0.8398437515625 0.028446740625 0.8076171859375 0 0.6865234359375 0.0039236875
2 0.6054687515625 0.014713829687499999 0.5771484359375 0 0.4423828140625 0.0039236875 0.408203125 0.0323704328125 0.4003906265625 0.1226152671875 0.4423828140625 0.17068045468749998 0.529296875 0.197165353125 0.5791015640625 0.184413365625 0.625 0.13831002187500002 0.6289062484375 0.087302071875 0.6054687515625 0.014713829687499999
2 0.2158203109375 0.21776471874999997 0.1533203109375 0.1687186109375 0.1289062484375 0.21678379531249997 0.1484375015625 0.275639125 0.1904296890625 0.32566615625 0.2441406265625 0.3344944546875 0.2822265640625 0.32958984375 0.330078125 0.2932957234375 0.3535156265625 0.2207074859375 0.2158203109375 0.21776471874999997