1 0.1125 0.30078125 0.0875 0.60078125
1 0.09453125 0.71015625 0.178125 0.24609375
1 0.23671875 0.29765625 0.19609375 0.5953125
1 0.24921875 0.69375 0.13125 0.20234375
1 0.30703125 0.30078125 0.12734375 0.5953125
1 0.39609375 0.72109375 0.18515625 0.2515625
1 0.4875 0.33046875 0.24765625 0.65
1 0.57109375 0.73515625 0.1671875 0.2078125
1 0.66015625 0.27578125 0.2796875 0.54609375
1 0.73984375 0.67734375 0.178125 0.25703125
1 0.80546875 0.26484375 0.3890625 0.5296875
1 0.91640625 0.6421875 0.1671875 0.21328125