1 0.1375 0.10546875 0.26171875 0.2109375
1 0.1125 0.371875 0.225 0.303125
1 0.40546875 0.125 0.30078125 0.25
1 0.69453125 0.08984375 0.2484375 0.1796875
1 0.89609375 0.040625 0.2078125 0.08125
1 0.83046875 0.190625 0.3390625 0.26875
1 0.59140625 0.2984375 0.2453125 0.26015625
1 0.37265625 0.39765625 0.35625 0.30546875
1 0.88671875 0.49375 0.2265625 0.328125
1 0.6421875 0.53984375 0.27109375 0.33515625
1 0.2140625 0.6640625 0.33671875 0.30234375
1 0.0859375 0.846875 0.171875 0.2921875
1 0.22421875 0.89765625 0.3140625 0.20390625
1 0.4921875 0.77890625 0.26484375 0.25625
1 0.3625 0.903125 0.12421875 0.10625
1 0.4703125 0.9546875 0.26796875 0.08984375
1 0.73046875 0.7890625 0.23828125 0.2453125
1 0.66328125 0.93046875 0.2125 0.1390625
1 0.8953125 0.9 0.20625 0.19921875
1 0.0828125 0.17578125 0.16484375 0.175
1 0.028125 0.58828125 0.05546875 0.2125
1 0.4140625 0.6203125 0.11953125 0.12890625