0 0.15234375 0.21796875 0.1765625 0.1578125
0 0.37109375 0.19921875 0.25625 0.17890625
0 0.60390625 0.06640625 0.1734375 0.1328125
0 0.76953125 0.07578125 0.2046875 0.1515625
0 0.90546875 0.1375 0.13359375 0.15234375
0 0.92265625 0.275 0.13125 0.128125
0 0.62734375 0.209375 0.22421875 0.1734375
0 0.79296875 0.23125 0.1765625 0.1734375
0 0.1765625 0.41953125 0.19765625 0.1390625
0 0.38828125 0.39765625 0.259375 0.19765625
0 0.590625 0.42734375 0.1921875 0.17109375
0 0.7640625 0.4140625 0.19765625 0.18125
0 0.9109375 0.43828125 0.1171875 0.128125
0 0.9015625 0.60234375 0.12578125 0.10390625
0 0.77578125 0.60078125 0.184375 0.1765625
0 0.59296875 0.6078125 0.1921875 0.16796875
0 0.365625 0.60625 0.25078125 0.17109375
0 0.13515625 0.615625 0.16796875 0.10390625
0 0.14453125 0.81171875 0.23515625 0.2140625
0 0.3609375 0.8390625 0.22421875 0.1921875
0 0.5875 0.78671875 0.25078125 0.1953125
0 0.7625 0.78125 0.146875 0.1734375
0 0.884375 0.77734375 0.165625 0.14921875
0 0.15390625 0.978125 0.14140625 0.04375
0 0.3546875 0.965625 0.234375 0.06875
0 0.57578125 0.94296875 0.2234375 0.1140625
0 0.7734375 0.93125 0.18984375 0.1375
0 0.91875 0.9296875 0.14921875 0.13984375