0 0.08125 0.06796875 0.146875 0.12578125
0 0.23125 0.06953125 0.18984375 0.1390625
0 0.42890625 0.0578125 0.2234375 0.115625
0 0.6375 0.04296875 0.21875 0.0859375
0 0.84453125 0.025 0.1421875 0.05
0 0.12265625 0.23515625 0.16015625 0.14453125
0 0.246875 0.221875 0.1578125 0.18125
0 0.10546875 0.40625 0.14140625 0.10703125
0 0.85625 0.18671875 0.2375 0.20859375
0 0.8640625 0.39375 0.16796875 0.1203125
0 0.64765625 0.1546875 0.1953125 0.18125
0 0.41640625 0.21484375 0.25625 0.20546875
0 0.228125 0.40859375 0.1953125 0.165625
0 0.415625 0.39375 0.18984375 0.16328125
0 0.6421875 0.40078125 0.2375 0.18125
0 0.85078125 0.5859375 0.2109375 0.15234375
0 0.62890625 0.61015625 0.24296875 0.17890625
0 0.41015625 0.578125 0.1953125 0.17890625
0 0.0984375 0.57265625 0.13359375 0.14140625
0 0.24609375 0.5859375 0.19765625 0.17890625
0 0.09453125 0.7265625 0.11484375 0.128125
0 0.2203125 0.76953125 0.2109375 0.1765625
0 0.10703125 0.8734375 0.14921875 0.1390625
0 0.38828125 0.79609375 0.2109375 0.1765625
0 0.6234375 0.80390625 0.2484375 0.18671875
0 0.86171875 0.78671875 0.2 0.1953125
0 0.59296875 0.9671875 0.19765625 0.06484375
0 0.2296875 0.928125 0.2140625 0.14140625
0 0.4015625 0.9375 0.190625 0.125