0 0.2171875 0.85703125 0.1640625 0.190625
0 0.20234375 0.63828125 0.17421875 0.26015625
0 0.2015625 0.3890625 0.1640625 0.23984375
0 0.41796875 0.8265625 0.1515625 0.29140625
0 0.39375 0.5890625 0.1859375 0.196875
0 0.43359375 0.40859375 0.14296875 0.19453125
0 0.421875 0.2375 0.1671875 0.20625
0 0.434375 0.09296875 0.1015625 0.1140625
0 0.6109375 0.64375 0.17734375 0.2484375
0 0.61484375 0.87265625 0.1046875 0.190625
0 0.5953125 0.41484375 0.20546875 0.2015625
0 0.5984375 0.1796875 0.1671875 0.284375
0 0.77890625 0.2375 0.1640625 0.15703125
0 0.23515625 0.21640625 0.16328125 0.2125
0 0.08203125 0.2375 0.1375 0.21484375
0 0.79375 0.41171875 0.20546875 0.2421875
0 0.85078125 0.65 0.18828125 0.26015625
0 0.81875 0.86484375 0.20703125 0.2328125
0 0.940625 0.22578125 0.11875 0.1875
0 0.9390625 0.071875 0.12109375 0.14296875
0 0.94140625 0.42109375 0.1171875 0.21953125