0 0.17265625 0.959375 0.2109375 0.08125
0 0.16171875 0.82265625 0.21875 0.21328125
0 0.15234375 0.61328125 0.2265625 0.22109375
0 0.1484375 0.3984375 0.22890625 0.234375
0 0.140625 0.171875 0.234375 0.24453125
0 0.12421875 0.03359375 0.2078125 0.0671875
0 0.35390625 0.078125 0.26015625 0.15625
0 0.81328125 0.0671875 0.2734375 0.134375
0 0.56484375 0.0203125 0.1828125 0.040625
0 0.59765625 0.14453125 0.23203125 0.23671875
0 0.36171875 0.27109375 0.23984375 0.25
0 0.38046875 0.4984375 0.234375 0.23203125
0 0.60546875 0.3734375 0.23671875 0.23671875
0 0.81484375 0.48046875 0.25546875 0.2265625
0 0.828125 0.7125 0.234375 0.23203125
0 0.375 0.71328125 0.22421875 0.21875
0 0.39453125 0.9046875 0.2296875 0.190625
0 0.61875 0.83828125 0.24765625 0.25
0 0.83046875 0.90859375 0.2453125 0.1828125
0 0.59765625 0.61484375 0.17421875 0.1875