0 0.22421875 0.11875 0.17734375 0.18984375
0 0.225 0.33359375 0.17421875 0.16640625
0 0.21875 0.5609375 0.18203125 0.17421875
0 0.2109375 0.765625 0.16640625 0.17734375
0 0.2109375 0.94765625 0.175 0.1046875
0 0.4140625 0.8734375 0.171875 0.1953125
0 0.41640625 0.6546875 0.16640625 0.18984375
0 0.41640625 0.46328125 0.171875 0.16640625
0 0.43203125 0.21640625 0.15625 0.171875
0 0.43125 0.0390625 0.18984375 0.078125
0 0.65625 0.12109375 0.16640625 0.1796875
0 0.64296875 0.3359375 0.171875 0.17734375
0 0.65 0.56015625 0.18984375 0.171875
0 0.640625 0.78515625 0.18203125 0.1796875
0 0.6375 0.9578125 0.171875 0.084375
0 0.87265625 0.884375 0.16640625 0.17421875
0 0.86875 0.66953125 0.15859375 0.17734375
0 0.8765625 0.44140625 0.1796875 0.1640625
0 0.87734375 0.228125 0.1875 0.16953125
0 0.890625 0.046875 0.20859375 0.09375