0 0.2125 0.865625 0.12265625 0.12734375
0 0.425 0.97734375 0.121875 0.0453125
0 0.646875 0.921875 0.1328125 0.13515625
0 0.87734375 0.83046875 0.13046875 0.140625
0 0.65078125 0.69765625 0.078125 0.0625
0 0.86171875 0.59609375 0.109375 0.08828125
0 0.87734375 0.3671875 0.10390625 0.09921875
0 0.65078125 0.484375 0.11484375 0.10390625
0 0.6578125 0.2671875 0.1171875 0.11171875
0 0.659375 0.04140625 0.090625 0.0828125
0 0.43203125 0.125 0.09921875 0.10390625
0 0.2109375 0.03203125 0.125 0.0640625
0 0.21328125 0.21484375 0.16640625 0.1484375
0 0.22890625 0.45546875 0.10390625 0.109375
0 0.2125 0.8671875 0.11171875 0.11953125
0 0.4234375 0.7875 0.1328125 0.14296875
0 0.4296875 0.58359375 0.07265625 0.06796875
0 0.42578125 0.3453125 0.09609375 0.10703125