0 0.1546875 0.84921875 0.12265625 0.13046875
0 0.15234375 0.65078125 0.09609375 0.10390625
0 0.14296875 0.446875 0.07265625 0.09140625
0 0.13515625 0.24453125 0.08359375 0.08828125
0 0.390625 0.0375 0.0625 0.075
0 0.390625 0.23828125 0.04140625 0.04921875
0 0.3921875 0.44296875 0.08046875 0.09375
0 0.39609375 0.646875 0.06796875 0.08046875
0 0.3984375 0.84140625 0.11953125 0.140625
0 0.64453125 0.0359375 0.0859375 0.071875
0 0.65078125 0.22265625 0.06796875 0.06484375
0 0.65390625 0.428125 0.05703125 0.0703125
0 0.6578125 0.64453125 0.09609375 0.12734375
0 0.6734375 0.8453125 0.15390625 0.15390625
0 0.94375 0.846875 0.1125 0.121875
0 0.9234375 0.6328125 0.04453125 0.05234375
0 0.9234375 0.43125 0.07578125 0.0859375
0 0.9296875 0.21640625 0.0625 0.05703125
0 0.921875 0.01953125 0.0625 0.0390625