0 0.2046875 0.97265625 0.1328125 0.0546875
0 0.42421875 0.94140625 0.13046875 0.1171875
0 0.8828125 0.93203125 0.175 0.1359375
0 0.6484375 0.859375 0.15078125 0.16171875
0 0.8609375 0.75234375 0.22109375 0.22890625
0 0.8421875 0.50546875 0.15859375 0.171875
0 0.6234375 0.615625 0.1328125 0.13828125
0 0.40625 0.72265625 0.16171875 0.1640625
0 0.18125 0.63125 0.15390625 0.1484375
0 0.384375 0.509375 0.16953125 0.18515625
0 0.60390625 0.390625 0.13046875 0.13515625
0 0.16171875 0.40390625 0.14609375 0.13515625
0 0.37734375 0.28515625 0.09921875 0.11171875
0 0.59765625 0.1625 0.21640625 0.21640625
0 0.80078125 0.07890625 0.1953125 0.1578125
0 0.59296875 0.021875 0.1453125 0.04375
0 0.14609375 0.18203125 0.20859375 0.203125
0 0.3546875 0.08828125 0.2375 0.1765625
0 0.12421875 0.0359375 0.1828125 0.071875