0 0.0921875 0.83828125 0.14296875 0.14609375
0 0.34765625 0.8578125 0.12265625 0.1328125
0 0.60390625 0.86171875 0.125 0.13515625
0 0.86953125 0.86875 0.11953125 0.12265625
0 0.8921875 0.66171875 0.11171875 0.13046875
0 0.61171875 0.64296875 0.125 0.125
0 0.3734375 0.63828125 0.12734375 0.11953125
0 0.09765625 0.63046875 0.1171875 0.11953125
0 0.11328125 0.428125 0.1171875 0.1328125
0 0.37109375 0.43359375 0.12734375 0.1328125
0 0.6265625 0.4453125 0.11171875 0.125
0 0.890625 0.44921875 0.08828125 0.10703125
0 0.9078125 0.2578125 0.10703125 0.11484375
0 0.634375 0.23984375 0.12734375 0.13046875
0 0.37265625 0.2328125 0.10390625 0.12265625
0 0.109375 0.23046875 0.14609375 0.13828125
0 0.1171875 0.03984375 0.109375 0.0796875
0 0.3765625 0.04140625 0.05625 0.0828125
0 0.64765625 0.0515625 0.1203125 0.103125
0 0.91640625 0.0515625 0.1296875 0.103125