0 0.36875 0.88828125 0.08046875 0.125
0 0.16015625 0.78515625 0.1015625 0.10703125
0 0.165625 0.58203125 0.09140625 0.07578125
0 0.36953125 0.66640625 0.08828125 0.09921875
0 0.3734375 0.4515625 0.09140625 0.11171875
0 0.1640625 0.34921875 0.09375 0.10390625
0 0.1625 0.13515625 0.0859375 0.078125
0 0.3734375 0.0359375 0.10625 0.071875
0 0.375 0.23984375 0.09921875 0.09375
0 0.37109375 0.44921875 0.09609375 0.09140625
0 0.3734375 0.66953125 0.0859375 0.10390625
0 0.365625 0.88671875 0.09140625 0.1171875
0 0.59375 0.790625 0.09375 0.09140625
0 0.57421875 0.96484375 0.11171875 0.0703125
0 0.8109375 0.89609375 0.08046875 0.08828125
0 0.80859375 0.68125 0.0859375 0.1171875
0 0.83203125 0.459375 0.09609375 0.09140625
0 0.84140625 0.23046875 0.07265625 0.09140625
0 0.82265625 0.04765625 0.1140625 0.0953125
0 0.61484375 0.5796875 0.09375 0.09609375
0 0.6015625 0.353125 0.10390625 0.07578125
0 0.61171875 0.1171875 0.08828125 0.109375