0 0.09375 0.9515625 0.175 0.096875
0 0.08828125 0.79296875 0.16171875 0.1640625
0 0.08828125 0.5875 0.125 0.12265625
0 0.0953125 0.38046875 0.12734375 0.13515625
0 0.0953125 0.203125 0.10703125 0.09921875
0 0.103125 0.025 0.1015625 0.04921875
0 0.615625 0.0171875 0.09609375 0.03359375
0 0.8921875 0.01953125 0.0703125 0.0390625
0 0.6171875 0.17421875 0.11484375 0.11484375
0 0.875 0.1640625 0.15078125 0.11953125
0 0.36875 0.3828125 0.11171875 0.09921875
0 0.603125 0.38671875 0.12265625 0.12265625
0 0.88828125 0.3890625 0.10390625 0.11171875
0 0.3609375 0.58046875 0.1015625 0.11953125
0 0.603125 0.5875 0.1328125 0.12734375
0 0.88515625 0.58359375 0.13515625 0.13046875
0 0.35390625 0.79140625 0.14609375 0.14609375
0 0.35234375 0.96171875 0.1421875 0.0765625
0 0.59765625 0.7890625 0.1640625 0.15625
0 0.62109375 0.95546875 0.1140625 0.0890625
0 0.87890625 0.796875 0.15859375 0.14609375
0 0.875 0.9671875 0.153125 0.065625