0 0.0859375 0.05546875 0.171875 0.1109375
0 0.08203125 0.19765625 0.1640625 0.16640625
0 0.084375 0.41171875 0.15859375 0.15625
0 0.0828125 0.60546875 0.165625 0.1796875
0 0.08828125 0.81015625 0.171875 0.15078125
0 0.09453125 0.953125 0.1890625 0.090625
0 0.3671875 0.953125 0.1875 0.09375
0 0.3578125 0.8140625 0.15390625 0.15390625
0 0.35390625 0.6 0.16640625 0.1796875
0 0.35703125 0.41171875 0.171875 0.18203125
0 0.35390625 0.18515625 0.18203125 0.1875
0 0.35 0.046875 0.2109375 0.09375
0 0.603125 0.04140625 0.19375 0.0828125
0 0.6171875 0.16640625 0.171875 0.15078125
0 0.603125 0.38671875 0.15390625 0.16953125
0 0.61484375 0.5921875 0.18203125 0.1796875
0 0.61953125 0.79921875 0.1875 0.203125
0 0.63515625 0.9453125 0.19765625 0.109375
0 0.8875 0.95 0.209375 0.1
0 0.8828125 0.78671875 0.125 0.13046875
0 0.87734375 0.59765625 0.08359375 0.0859375
0 0.8671875 0.38828125 0.08359375 0.078125
0 0.8609375 0.18359375 0.1171875 0.12734375
0 0.85 0.02734375 0.10703125 0.0546875