0 0.11328125 0.15234375 0.1328125 0.11171875
0 0.10390625 0.35390625 0.11953125 0.11953125
0 0.11171875 0.55703125 0.10390625 0.125
0 0.11484375 0.95859375 0.06796875 0.07265625
0 0.37890625 0.95546875 0.0859375 0.0890625
0 0.640625 0.953125 0.11953125 0.09375
0 0.90234375 0.953125 0.1015625 0.09375
0 0.90390625 0.75390625 0.11484375 0.11171875
0 0.37890625 0.75390625 0.14296875 0.1328125
0 0.3828125 0.55703125 0.140625 0.13515625
0 0.64453125 0.55234375 0.15859375 0.16171875
0 0.90078125 0.553125 0.15625 0.16953125
0 0.90859375 0.3609375 0.13515625 0.13828125
0 0.63125 0.359375 0.1484375 0.16171875
0 0.37734375 0.34765625 0.13046875 0.11171875
0 0.38515625 0.140625 0.13046875 0.140625
0 0.63046875 0.1390625 0.13515625 0.14296875
0 0.89609375 0.1421875 0.15625 0.15859375