0 0.0890625 0.97890625 0.1375 0.0421875
0 0.35234375 0.98125 0.0796875 0.0375
0 0.603125 0.98515625 0.103125 0.0296875
0 0.88046875 0.8296875 0.125 0.12265625
0 0.6109375 0.82421875 0.1484375 0.1484375
0 0.3453125 0.82421875 0.12734375 0.12734375
0 0.0859375 0.8109375 0.11953125 0.1328125
0 0.08984375 0.61328125 0.12734375 0.1171875
0 0.35703125 0.61875 0.125 0.12734375
0 0.6 0.63125 0.1171875 0.1171875
0 0.87265625 0.62109375 0.11953125 0.1171875
0 0.8890625 0.421875 0.10703125 0.11953125
0 0.61953125 0.415625 0.11953125 0.13828125
0 0.35 0.41171875 0.1171875 0.125
0 0.0953125 0.41015625 0.12734375 0.12734375
0 0.09921875 0.19921875 0.13046875 0.1171875
0 0.35703125 0.209375 0.125 0.14296875
0 0.60703125 0.209375 0.13046875 0.15390625
0 0.875 0.20546875 0.125 0.11953125
0 0.6109375 0.04140625 0.134375 0.0828125
0 0.35703125 0.0390625 0.125 0.078125
0 0.1015625 0.03125 0.11484375 0.0625