0 0.18359375 0.88515625 0.2578125 0.2296875
0 0.16015625 0.66171875 0.24765625 0.234375
0 0.1578125 0.4234375 0.23203125 0.24765625
0 0.12890625 0.2046875 0.24765625 0.21640625
0 0.11796875 0.05546875 0.2359375 0.1109375
0 0.346875 0.10390625 0.26875 0.2078125
0 0.36953125 0.321875 0.26015625 0.25234375
0 0.39296875 0.553125 0.23984375 0.2109375
0 0.3890625 0.76015625 0.25234375 0.23984375
0 0.4140625 0.9359375 0.21875 0.128125
0 0.59375 0.16171875 0.265625 0.25
0 0.828125 0.0859375 0.27109375 0.16640625
0 0.8375 0.2875 0.2734375 0.26328125
0 0.603125 0.40234375 0.24765625 0.2578125
0 0.84609375 0.53359375 0.26015625 0.25
0 0.61875 0.6328125 0.24765625 0.22421875
0 0.8578125 0.76328125 0.26796875 0.26015625
0 0.65 0.853125 0.2421875 0.25234375
0 0.8484375 0.93046875 0.271875 0.1390625