0 0.08203125 0.9453125 0.12734375 0.109375
0 0.09375 0.74453125 0.140625 0.14609375
0 0.11953125 0.33203125 0.15078125 0.1484375
0 0.13125 0.1265625 0.15390625 0.1484375
0 0.37734375 0.140625 0.13515625 0.140625
0 0.646875 0.15234375 0.1484375 0.1484375
0 0.9140625 0.1640625 0.11953125 0.125
0 0.3734375 0.35390625 0.15390625 0.14609375
0 0.63046875 0.36484375 0.16171875 0.15625
0 0.9078125 0.37265625 0.1328125 0.14609375
0 0.3671875 0.55859375 0.14609375 0.13828125
0 0.62265625 0.58828125 0.15078125 0.16171875
0 0.8890625 0.58203125 0.12265625 0.12265625
0 0.34921875 0.765625 0.15078125 0.15625
0 0.35 0.959375 0.1125 0.08125
0 0.6171875 0.95390625 0.125 0.0921875
0 0.6171875 0.7828125 0.171875 0.1640625
0 0.875 0.7875 0.16640625 0.15390625
0 0.86875 0.965625 0.115625 0.06875