0 0.1609375 0.92265625 0.265625 0.1546875
0 0.13671875 0.73046875 0.2734375 0.26796875
0 0.1390625 0.4921875 0.26796875 0.234375
0 0.146875 0.26171875 0.2734375 0.2578125
0 0.1328125 0.07109375 0.265625 0.1421875
0 0.4671875 0.86953125 0.29921875 0.22421875
0 0.45859375 0.63671875 0.3125 0.26328125
0 0.459375 0.3984375 0.3046875 0.26015625
0 0.47421875 0.146875 0.30234375 0.27890625
0 0.7765625 0.08046875 0.315625 0.1609375
0 0.77109375 0.2671875 0.3125 0.26796875
0 0.77109375 0.515625 0.328125 0.25546875
0 0.76953125 0.7484375 0.31015625 0.2421875
0 0.77890625 0.9265625 0.2984375 0.146875