0 0.1 0.94921875 0.14296875 0.1015625
0 0.3546875 0.9515625 0.128125 0.096875
0 0.6171875 0.95546875 0.14375 0.0890625
0 0.88671875 0.96875 0.1328125 0.0625
0 0.8921875 0.76015625 0.13828125 0.140625
0 0.6265625 0.76953125 0.13828125 0.1484375
0 0.359375 0.7734375 0.140625 0.15625
0 0.09765625 0.775 0.13828125 0.14296875
0 0.10390625 0.55234375 0.13515625 0.14609375
0 0.365625 0.553125 0.1640625 0.1484375
0 0.6171875 0.546875 0.15625 0.16171875
0 0.89609375 0.34609375 0.109375 0.09921875
0 0.62734375 0.3578125 0.15625 0.15859375
0 0.36953125 0.34609375 0.171875 0.16640625
0 0.09921875 0.34375 0.13515625 0.14609375
0 0.109375 0.13828125 0.13515625 0.13515625
0 0.37734375 0.1421875 0.15625 0.1640625
0 0.63515625 0.1421875 0.140625 0.13828125
0 0.896875 0.13828125 0.12734375 0.13046875
0 0.90078125 0.3453125 0.11953125 0.1015625