0 0.10078125 0.96328125 0.1296875 0.0734375
0 0.109375 0.8109375 0.13515625 0.14296875
0 0.10390625 0.61484375 0.11953125 0.125
0 0.115625 0.415625 0.0859375 0.1015625
0 0.115625 0.2109375 0.0859375 0.09921875
0 0.125 0.0390625 0.09375 0.078125
0 0.38046875 0.0296875 0.0765625 0.059375
0 0.646875 0.03515625 0.12265625 0.0703125
0 0.909375 0.0453125 0.1125 0.090625
0 0.37734375 0.209375 0.09375 0.1015625
0 0.63125 0.20703125 0.0859375 0.09140625
0 0.9046875 0.23203125 0.09140625 0.09375
0 0.36875 0.4140625 0.09609375 0.11484375
0 0.63046875 0.41015625 0.09375 0.1015625
0 0.89609375 0.41640625 0.07265625 0.08828125
0 0.3734375 0.61328125 0.09609375 0.10703125
0 0.625 0.61953125 0.11953125 0.13515625
0 0.9 0.64609375 0.1015625 0.10390625
0 0.36953125 0.81875 0.140625 0.1640625
0 0.36328125 0.975 0.1328125 0.05
0 0.6203125 0.97109375 0.10625 0.0578125
0 0.615625 0.80859375 0.14296875 0.1484375
0 0.8890625 0.83203125 0.1328125 0.12265625
0 0.89140625 0.96953125 0.1640625 0.0609375