0 0.0890625 0.9421875 0.128125 0.115625
0 0.09921875 0.75546875 0.09375 0.08828125
0 0.1078125 0.56015625 0.1015625 0.09921875
0 0.11171875 0.36875 0.09375 0.11171875
0 0.11875 0.16640625 0.1171875 0.10390625
0 0.37265625 0.02734375 0.13515625 0.0546875
0 0.36875 0.15859375 0.13828125 0.13515625
0 0.36875 0.375 0.12265625 0.11953125
0 0.36953125 0.5640625 0.109375 0.12265625
0 0.35703125 0.78671875 0.10390625 0.109375
0 0.33359375 0.9453125 0.11484375 0.109375
0 0.60234375 0.94609375 0.1421875 0.1078125
0 0.6109375 0.77734375 0.14296875 0.1328125
0 0.61953125 0.578125 0.11953125 0.13046875
0 0.61953125 0.37109375 0.109375 0.1015625
0 0.63515625 0.16171875 0.08359375 0.10390625
0 0.8921875 0.18203125 0.06015625 0.0625
0 0.88828125 0.3890625 0.04140625 0.04921875
0 0.8828125 0.58828125 0.04140625 0.05234375
0 0.87109375 0.78125 0.0703125 0.078125
0 0.8671875 0.959375 0.1375 0.08125
0 0.12265625 0.0234375 0.11484375 0.046875
0 0.61875 0.021875 0.1 0.04375