0 0.09609375 0.83359375 0.16171875 0.16171875
0 0.084375 0.63828125 0.15390625 0.15078125
0 0.08046875 0.428125 0.14609375 0.15390625
0 0.0796875 0.2265625 0.13828125 0.13515625
0 0.0765625 0.05703125 0.153125 0.1140625
0 0.3453125 0.05078125 0.15390625 0.1015625
0 0.3453125 0.21875 0.15390625 0.171875
0 0.35546875 0.428125 0.15859375 0.15859375
0 0.353125 0.62265625 0.15390625 0.16640625
0 0.35703125 0.834375 0.17734375 0.1796875
0 0.61328125 0.8203125 0.15859375 0.16171875
0 0.6015625 0.6078125 0.13515625 0.14296875
0 0.603125 0.4078125 0.04921875 0.06484375
0 0.60546875 0.2171875 0.13828125 0.14296875
0 0.603125 0.046875 0.15390625 0.09375
0 0.86640625 0.0359375 0.1203125 0.071875
0 0.86875 0.21328125 0.12265625 0.14609375
0 0.87734375 0.4203125 0.14609375 0.14296875
0 0.87109375 0.603125 0.12265625 0.1484375
0 0.88671875 0.8046875 0.1171875 0.125