0 0.75078125 0.94375 0.2109375 0.1125
0 0.734375 0.77109375 0.22421875 0.234375
0 0.125 0.934375 0.21875 0.13125
0 0.140625 0.759375 0.19765625 0.20078125
0 0.115625 0.52734375 0.22109375 0.22109375
0 0.115625 0.3046875 0.23125 0.21875
0 0.12421875 0.08671875 0.2140625 0.1734375
0 0.74453125 0.321875 0.21328125 0.2578125
0 0.73984375 0.08828125 0.2046875 0.1765625
0 0.4375 0.87265625 0.21328125 0.22421875
0 0.4453125 0.6578125 0.24453125 0.23203125
0 0.4390625 0.43203125 0.24765625 0.23984375
0 0.446875 0.19765625 0.25234375 0.23984375
0 0.44453125 0.03984375 0.2453125 0.0796875