0 0.16796875 0.91796875 0.21640625 0.1640625
0 0.17734375 0.7265625 0.22890625 0.22890625
0 0.1640625 0.4828125 0.22890625 0.25234375
0 0.16953125 0.23046875 0.26015625 0.23203125
0 0.16953125 0.05703125 0.2359375 0.1140625
0 0.48671875 0.13828125 0.25 0.25546875
0 0.48984375 0.37890625 0.234375 0.23671875
0 0.490625 0.65 0.24765625 0.2578125
0 0.48828125 0.86484375 0.2734375 0.23984375
0 0.80625 0.91484375 0.265625 0.1703125
0 0.80078125 0.734375 0.24765625 0.24453125
0 0.80078125 0.47890625 0.24765625 0.25546875
0 0.7984375 0.23984375 0.24765625 0.24453125
0 0.8015625 0.0609375 0.234375 0.121875