0 0.13125 0.928125 0.14296875 0.13828125
0 0.103125 0.775 0.1328125 0.1484375
0 0.13046875 0.58984375 0.13515625 0.14296875
0 0.125 0.40078125 0.125 0.13046875
0 0.1234375 0.19921875 0.1328125 0.1484375
0 0.38046875 0.0484375 0.13046875 0.09609375
0 0.1265625 0.04140625 0.140625 0.0828125
0 0.63671875 0.03515625 0.12734375 0.0703125
0 0.91015625 0.03671875 0.1015625 0.07265625
0 0.91640625 0.1734375 0.13515625 0.14296875
0 0.6421875 0.19375 0.13828125 0.1484375
0 0.38125 0.19296875 0.1328125 0.14609375
0 0.39296875 0.39296875 0.140625 0.140625
0 0.6484375 0.390625 0.140625 0.15078125
0 0.92421875 0.3921875 0.125 0.15390625
0 0.90078125 0.58984375 0.140625 0.14296875
0 0.63046875 0.59765625 0.140625 0.14296875
0 0.37265625 0.5921875 0.13515625 0.14296875
0 0.37109375 0.76796875 0.1328125 0.13515625
0 0.6328125 0.775 0.13515625 0.12734375
0 0.9125 0.76953125 0.1484375 0.15390625
0 0.1265625 0.9234375 0.16953125 0.1484375
0 0.375 0.93359375 0.140625 0.1328125
0 0.65078125 0.92734375 0.15625 0.125