0 0.18515625 0.92265625 0.2828125 0.1546875
0 0.18515625 0.73984375 0.27109375 0.26015625
0 0.18203125 0.4984375 0.29140625 0.24765625
0 0.19375 0.27109375 0.27890625 0.25546875
0 0.19375 0.07421875 0.2890625 0.1484375
0 0.4921875 0.8828125 0.30234375 0.234375
0 0.5 0.65078125 0.26015625 0.24453125
0 0.49765625 0.40625 0.27109375 0.25
0 0.51015625 0.15 0.28671875 0.27890625
0 0.834375 0.08671875 0.246875 0.1734375
0 0.82578125 0.26796875 0.28671875 0.25546875
0 0.81640625 0.50625 0.2890625 0.23203125
0 0.82578125 0.7484375 0.30703125 0.2734375
0 0.81875 0.92578125 0.29921875 0.1484375