2 0.416015625 0.5768229171875 0.380859375 0.4127604171875 0.3525390625 0.3723958328125 0.3173828125 0.3932291671875 0.30078125 0.4205729171875 0.294921875 0.4518229171875 0.318359375 0.49609375 0.3203125 0.5325520828125 0.314453125 0.5638020828125 0.28125 0.6158854171875 0.28125 0.65234375 0.3125 0.7591145828125 0.3408203125 0.7942708328125 0.359375 0.79296875 0.3818359375 0.7630208328125 0.4033203125 0.7682291671875 0.41796875 0.7330729171875 0.416015625 0.5768229171875
2 0.6484375 0.6028645828125 0.5810546875 0.5234375 0.4990234375 0.5598958328125 0.435546875 0.6263020828125 0.41796875 0.6705729171875 0.421875 0.7252604171875 0.4365234375 0.7395833328125 0.4609375 0.73828125 0.5576171875 0.6822916671875 0.6025390625 0.6328125 0.6435546875 0.625 0.6484375 0.6028645828125
2 0.521484375 0.37890625 0.4658203125 0.3151041671875 0.4072265625 0.28125 0.37109375 0.3502604171875 0.376953125 0.3919270828125 0.5146484375 0.5026041671875 0.53515625 0.50390625 0.556640625 0.4752604171875 0.52734375 0.4518229171875 0.53125 0.3971354171875 0.521484375 0.37890625
2 0.408203125 0.24348958281250002 0.3984375 0.22265625 0.3505859375 0.20572916718749998 0.2744140625 0.22395833281250002 0.2060546875 0.2760416671875 0.142578125 0.37890625 0.142578125 0.44140625 0.173828125 0.4596354171875 0.2529296875 0.4348958328125 0.3466796875 0.3723958328125 0.40625 0.27734375 0.408203125 0.24348958281250002
2 0.29296875 0.7877604171875 0.2236328125 0.7057291671875 0.1455078125 0.6484375 0.1064453125 0.6302083328125 0.0380859375 0.6276041671875 0.033203125 0.6653645828125 0.064453125 0.7174479171875 0.08203125 0.7799479171875 0.2294921875 0.9635416671874999 0.2734375 0.9778645828125001 0.3095703125 0.9583333328125001 0.333984375 0.9049479171874999 0.32421875 0.84765625 0.29296875 0.7877604171875
2 0.2939453125 0.4583333328125 0.2451171875 0.4401041671875 0.15234375 0.4986979171875 0.1484375 0.5143229171875 0.158203125 0.5325520828125 0.2138671875 0.6015625 0.2333984375 0.6171875 0.2578125 0.6158854171875 0.2958984375 0.5911458328125 0.314453125 0.5533854171875 0.318359375 0.50390625 0.2939453125 0.4583333328125
2 0.0859375 0.35546875 0.0654296875 0.3411458328125 0.0361328125 0.3463541671875 0.009765625 0.3841145828125 0.0078125 0.6002604171875 0.017578125 0.60546875 0.0703125 0.5455729171875 0.09765625 0.44921875 0.09765625 0.3893229171875 0.0859375 0.35546875
2 0.1669921875 0.05208333281250001 0.150390625 0.08984375 0.15234375 0.16796875 0.1982421875 0.2265625 0.244140625 0.23567708281250002 0.26953125 0.21223958281250002 0.255859375 0.1393229171875 0.2333984375 0.1015625 0.1669921875 0.05208333281250001
2 0.1787109375 0.21614583281250002 0.1435546875 0.22135416718749998 0.0947265625 0.25 0.0078125 0.3294270828125 0.0126953125 0.3671875 0.0380859375 0.34375 0.0634765625 0.3385416671875 0.09375 0.37109375 0.1455078125 0.2916666671875 0.2001953125 0.2708333328125 0.203125 0.23567708281250002 0.1787109375 0.21614583281250002
2 0.810546875 0.21484375 0.7802734375 0.1666666671875 0.7138671875 0.1302083328125 0.6298828125 0.1067708328125 0.5205078125 0.1015625 0.4560546875 0.1171875 0.421875 0.1575520828125 0.421875 0.20442708281250002 0.4482421875 0.2421875 0.5087890625 0.265625 0.666015625 0.2825520828125 0.7373046875 0.2630208328125 0.7861328125 0.2708333328125 0.810546875 0.24609375 0.810546875 0.21484375
2 0.78125 0.27734375 0.7646484375 0.265625 0.7021484375 0.2760416671875 0.5927734375 0.3385416671875 0.533203125 0.3997395828125 0.529296875 0.4466145828125 0.552734375 0.4622395828125 0.6474609375 0.4296875 0.7255859375 0.3776041671875 0.77734375 0.3190104171875 0.78125 0.27734375
2 0.6708984375 0.4661458328125 0.6298828125 0.4661458328125 0.580078125 0.5013020828125 0.58203125 0.5221354171875 0.6337890625 0.5859375 0.7412109375 0.6796875 0.783203125 0.6940104171875 0.845703125 0.6549479171875 0.837890625 0.60546875 0.7841796875 0.5416666671875 0.6708984375 0.4661458328125
2 0.56640625 0.7408854171875 0.564453125 0.7799479171875 0.5703125 0.83984375 0.59765625 0.90234375 0.599609375 0.9309895828125001 0.6416015625 0.9973958328125001 0.712890625 0.99609375 0.7109375 0.96484375 0.62109375 0.72265625 0.5830078125 0.7109375 0.56640625 0.7408854171875
2 0.4384765625 0.9505208328125001 0.55859375 0.9700520828125001 0.607421875 0.9518229171874999 0.5732421875 0.8541666671874999 0.423828125 0.83203125 0.4384765625 0.9505208328125001
2 0.3818359375 0.765625 0.36328125 0.79296875 0.33984375 0.8997395828125001 0.333984375 0.98828125 0.3388671875 0.9973958328125001 0.419921875 0.99609375 0.431640625 0.96484375 0.423828125 0.8294270828125001 0.412109375 0.7903645828125 0.3818359375 0.765625
2 0.8056640625 0.7265625 0.6455078125 0.6354166671875 0.6083984375 0.6328125 0.591796875 0.6497395828125 0.599609375 0.6966145828125 0.6904296875 0.7942708328125 0.7763671875 0.8359375 0.888671875 0.8502604171874999 0.9287109375 0.8333333328125001 0.9453125 0.7825520828125 0.9150390625 0.7604166671875 0.8056640625 0.7265625
2 0.8681640625 0.8671875 0.8017578125 0.9140625 0.765625 0.9700520828125001 0.7724609375 0.9973958328125001 0.896484375 0.99609375 1 0.9309895828125001 0.9970703125 0.8489583328125001 0.9501953125 0.8385416671874999 0.8681640625 0.8671875
2 0.806640625 0.7174479171875 0.8154296875 0.7265625 0.9462890625 0.7708333328125 0.9599609375 0.7890625 0.98046875 0.7877604171875 0.9814453125 0.65625 0.8330078125 0.6666666671875 0.80859375 0.69140625 0.806640625 0.7174479171875
2 0.7705078125 0.3333333328125 0.7578125 0.34765625 0.75 0.3971354171875 0.7666015625 0.4244791671875 0.9150390625 0.5 0.98046875 0.51953125 0.990234375 0.44140625 0.9599609375 0.4088541671875 0.8310546875 0.3489583328125 0.7705078125 0.3333333328125
2 0.8076171875 0.1171875 0.791015625 0.14453125 0.791015625 0.16796875 0.814453125 0.22526041718749998 0.8125 0.24869791718749998 0.796875 0.26953125 0.814453125 0.3372395828125 0.9140625 0.3815104171875 0.869140625 0.24609375 0.85546875 0.1341145828125 0.8388671875 0.1145833328125 0.8076171875 0.1171875
2 0.5478515625 0.09635416718749999 0.6650390625 0.109375 0.716796875 0.12890625 0.69140625 0.05859375 0.6474609375 0.0026041671875 0.466796875 0.0013020828125 0.5478515625 0.09635416718749999
2 0.615234375 0.4440104171875 0.6240234375 0.4635416671875 0.6845703125 0.46875 0.810546875 0.5533854171875 0.83203125 0.5013020828125 0.7900390625 0.4375 0.6865234375 0.4114583328125 0.615234375 0.4440104171875