2 0.4072265625 0.4140625015625 0.3291015625 0.4140625015625 0.2861328125 0.42447916875 0.2431640625 0.4453125015625 0.2167968765625 0.4856770828125 0.2246093765625 0.53515625 0.2509765625 0.565104165625 0.3173828125 0.59375 0.4355468765625 0.61328125 0.5693359375 0.5416666671875 0.5605468765625 0.5013020828125 0.5166015625 0.4479166671875 0.4072265625 0.4140625015625
2 0.6689453125 0.38802083125000003 0.6201171875 0.3515625015625 0.6142578125 0.3359374984375 0.6064453125 0.346354165625 0.5752179359375 0.33315235 0.5771484375 0.3177083328125 0.5927734375 0.3203125015625 0.5654296875 0.309895834375 0.5595703125 0.32552083125000003 0.5009765625 0.3072916671875 0.3964843765625 0.3111979171875 0.4228515625 0.2916666671875 0.4736328125 0.2890625015625 0.484375 0.27734375 0.4833984375 0.265625 0.4560546875 0.2708333328125 0.3720703125 0.3072916671875 0.3466796875 0.32552083125000003 0.3466796875 0.3385416671875 0.2978515625 0.3671874984375 0.2753906234375 0.399739584375 0.2861328125 0.41927083125 0.3310546875 0.38802083125000003 0.3359375 0.3919270828125 0.3291015625 0.4010416671875 0.3066406234375 0.41536458437499996 0.4033203125 0.4140625015625 0.5146484375 0.4479166671875 0.5605468765625 0.5013020828125 0.5712890625 0.533854165625 0.58203125 0.5325520828125 0.6455078125 0.5 0.6552734375 0.4739583328125 0.6748046875 0.47135416562500004 0.69140625 0.44921875 0.6689453125 0.38802083125000003
2 0.7392578125 0.3177083328125 0.7431640625 0.296875 0.7626953125 0.3072916671875 0.7490234375 0.2760416671875 0.6923828125 0.23958333281250002 0.5986328125 0.21354166718749998 0.5439453125 0.216145834375 0.4619140625 0.23697916874999997 0.4052734375 0.265625 0.3964843765625 0.2799479171875 0.3974609375 0.29427083125000003 0.4794921875 0.26302083125000003 0.5771484375 0.265625 0.6513671875 0.2890625015625 0.7138671875 0.3359374984375 0.7294921875 0.32552083125000003 0.7402343765625 0.334635415625 0.7373046875 0.3229166671875 0.7158203125 0.328125 0.7050781234375 0.3138020828125 0.7392578125 0.3177083328125
2 0.65234375 0.22005208281250002 0.6318359375 0.20052083125000003 0.5634765625 0.171875 0.4716796875 0.1666666671875 0.3974609375 0.20833333281250002 0.3730468765625 0.23307291718749998 0.36328125 0.2955729171875 0.3828125 0.2981770828125 0.4033203125 0.26822916874999997 0.4619140625 0.23697916874999997 0.5458984375 0.216145834375 0.65234375 0.22005208281250002
2 0.7246093765625 0.727864584375 0.6982421875 0.6770833328125 0.6611328125 0.64322916875 0.6259765625 0.627604165625 0.5869140625 0.6197916671875 0.4951171875 0.627604165625 0.4580078125 0.61197916875 0.4228515625 0.627604165625 0.37890625 0.66796875 0.3730468765625 0.69140625 0.3769531234375 0.774739584375 0.3994140625 0.8177083328125001 0.4716796875 0.8541666671874999 0.5800781234375 0.8736979171874999 0.6767578125 0.8567708312500001 0.6923828125 0.8229166671874999 0.7246093765625 0.803385415625 0.7246093765625 0.727864584375
2 0.5810546875 0.5729166671875 0.5751953125 0.5859374984375 0.5566406234375 0.58984375 0.5595703125 0.5989583328125 0.6591796875 0.5989583328125 0.7236328125 0.627604165625 0.80078125 0.6888020828125 0.79296875 0.6549479171875 0.7783203125 0.6328125015625 0.7021484375 0.58072916875 0.5810546875 0.5729166671875
2 0.8066406234375 0.7018229171875 0.7216796875 0.625 0.6787109375 0.6145833328125 0.6533203125 0.596354165625 0.6181640625 0.59375 0.5283203125 0.6041666671875 0.4951171875 0.591145834375 0.4228515625 0.627604165625 0.3769531234375 0.6705729171875 0.375 0.76171875 0.3935546875 0.8125 0.4619140625 0.8515625015625 0.5859375 0.8736979171874999 0.7236328125 0.8489583328125001 0.8037109375 0.8125 0.8183593765625 0.774739584375 0.8066406234375 0.7018229171875
2 0.859375 0.73828125 0.8720703125 0.70572916875 0.8974609375 0.6875 0.9267578125 0.64322916875 0.9501953125 0.6328125015625 0.9824218765625 0.59765625 0.9941406234375 0.5481770828125 0.984375 0.49609375 0.9443359375 0.4479166671875 0.8896484375 0.4270833328125 0.8388671875 0.4270833328125 0.7431640625 0.4479166671875 0.4404296875 0.6145833328125 0.3769531234375 0.6731770828125 0.3769531234375 0.76953125 0.3935546875 0.809895834375 0.4638671875 0.8515625015625 0.5400390625 0.8697916671874999 0.5996093765625 0.87109375 0.7314453125 0.846354165625 0.8017578125 0.8125 0.8173828125 0.778645834375 0.859375 0.73828125
2 1 0.33203125 0.9736328125 0.3177083328125 0.8779296875 0.3072916671875 0.8105468765625 0.34765625 0.8291015625 0.35677083125000003 0.8759765625 0.346354165625 0.9248046875 0.3515625015625 0.9560546875 0.377604165625 0.9736328125 0.4166666671875 0.9824218765625 0.41536458437499996 1 0.40234375 1 0.33203125
2 0.9013671875 0.346354165625 0.7822265625 0.3697916671875 0.7412109375 0.40364583437499996 0.71484375 0.44140625 0.7216796875 0.4583333328125 0.8623046875 0.421875 0.9248046875 0.43489583437499996 0.97265625 0.46223958437499996 0.9765625 0.4361979171875 0.96484375 0.3893229171875 0.9345703125 0.35677083125000003 0.9013671875 0.346354165625
2 1 0.23307291718749998 0.9638671875 0.22395833281250002 0.8916015625 0.22916666718749998 0.8056640625 0.296875 0.8115234375 0.26822916874999997 0.7792968765625 0.31640625 0.7578125 0.368489584375 0.7558593765625 0.381510415625 0.76171875 0.381510415625 0.8740234375 0.3072916671875 0.9345703125 0.3072916671875 0.9970703125 0.328125 1 0.23307291718749998