1 0.0765625 0.60078125 0.1453125 0.240625
1 0.71640625 0.7515625 0.1453125 0.3171875
1 0.49453125 0.48125 0.13125 0.2296875
1 0.26171875 0.76484375 0.1234375 0.175
1 0.64375 0.08203125 0.109375 0.13125
1 0.75625 0.2046875 0.0796875 0.15859375
1 0.865625 0.434375 0.13828125 0.23515625
1 0.69609375 0.45625 0.16328125 0.23515625
1 0.53125 0.890625 0.13828125 0.196875
1 0.55234375 0.7046875 0.09453125 0.1640625
1 0.28359375 0.93984375 0.11640625 0.1203125
1 0.47109375 0.14765625 0.16328125 0.2953125
1 0.190625 0.09296875 0.134375 0.13125
1 0.05078125 0.065625 0.09453125 0.13125
1 0.1203125 0.35234375 0.134375 0.109375
1 0.9140625 0.2953125 0.171875 0.175
1 0.92265625 0.07890625 0.1484375 0.1578125
1 0.9671875 0.19375 0.065625 0.15859375
1 0.87265625 0.9421875 0.1015625 0.115625
1 0.13203125 0.90390625 0.2078125 0.1921875
1 0.30703125 0.61484375 0.1890625 0.4703125
1 0.3890625 0.39921875 0.13125 0.16953125
1 0.33984375 0.04921875 0.1125 0.0984375
1 0.590625 0.303125 0.1234375 0.18046875
1 0.81796875 0.64765625 0.0796875 0.16953125
1 0.72578125 0.325 0.08359375 0.10390625
1 0.5703125 0.07890625 0.1375 0.1578125
1 0.5890625 0.53828125 0.0765625 0.19140625
1 0.78515625 0.0625 0.1203125 0.125
1 0.89453125 0.18828125 0.06875 0.065625
1 0.81640625 0.21875 0.06171875 0.11484375
1 0.1984375 0.33359375 0.1125 0.16953125