1 0.11640625 0.04921875 0.15234375 0.0984375
1 0.45 0.10078125 0.175 0.2015625
1 0.07265625 0.19140625 0.1453125 0.2515625
1 0.2546875 0.15 0.19609375 0.25703125
1 0.63984375 0.10078125 0.16015625 0.19140625
1 0.37421875 0.34453125 0.1890625 0.3171875
1 0.55625 0.28671875 0.1453125 0.22421875
1 0.7203125 0.27578125 0.16015625 0.38828125
1 0.1890625 0.37421875 0.18203125 0.37734375
1 0.04765625 0.62265625 0.09453125 0.2296875
1 0.1453125 0.675 0.15234375 0.22421875
1 0.3125 0.6203125 0.2109375 0.30078125
1 0.50703125 0.54921875 0.19296875 0.32265625
1 0.6984375 0.584375 0.18203125 0.2515625
1 0.9015625 0.3578125 0.1671875 0.23515625
1 0.04765625 0.8796875 0.09453125 0.240625
1 0.15078125 0.87421875 0.15625 0.2515625
1 0.31953125 0.8765625 0.2140625 0.246875
1 0.5140625 0.88203125 0.15625 0.2359375
1 0.7171875 0.8546875 0.265625 0.290625
1 0.9015625 0.61484375 0.19609375 0.31171875
1 0.91953125 0.89609375 0.1609375 0.2078125
1 0.8125 0.1421875 0.12734375 0.2078125
1 0.9171875 0.08984375 0.1625 0.1796875
1 0.04921875 0.4234375 0.0984375 0.22421875
1 0.97109375 0.2078125 0.0578125 0.20234375
1 0.765625 0.0328125 0.16015625 0.0546875
1 0.28125 0.0296875 0.159375 0.059375