1 0.14296875 0.70859375 0.2703125 0.56171875
1 0.7296875 0.77578125 0.2546875 0.44296875
1 0.2625 0.5828125 0.16953125 0.484375
1 0.58125 0.3453125 0.28203125 0.31953125
1 0.47109375 0.6671875 0.278125 0.5203125
1 0.72421875 0.47421875 0.2703125 0.2625
1 0.853125 0.46640625 0.246875 0.33515625
1 0.95546875 0.58515625 0.06171875 0.12890625
1 0.3703125 0.39140625 0.08125 0.14921875
1 0.1890625 0.2421875 0.2625 0.484375
1 0.7859375 0.16484375 0.25078125 0.278125
1 0.5921875 0.08984375 0.134375 0.1796875
1 0.403125 0.2421875 0.1 0.325
1 0.5078125 0.11875 0.1 0.2375
1 0.31484375 0.178125 0.29765625 0.35546875