1 0.25625 0.5 0.5125 1
1 0.80703125 0.815625 0.38515625 0.36875
1 0.5140625 0.7375 0.4546875 0.52421875
1 0.86015625 0.62578125 0.2796875 0.3984375
1 0.38125 0.1359375 0.38515625 0.271875
1 0.75234375 0.3515625 0.2828125 0.33046875
1 0.86484375 0.425 0.2703125 0.2765625
1 0.084375 0.2015625 0.16796875 0.33515625
1 0.7375 0.16953125 0.26640625 0.184375
1 0.928125 0.153125 0.14375 0.2625
1 0.58828125 0.5 0.16796875 0.096875
1 0.23984375 0.84921875 0.16015625 0.30078125
1 0.06328125 0.9125 0.1265625 0.175