1 0.321875 0.61953125 0.30625 0.4453125
1 0.559375 0.56328125 0.275 0.4578125
1 0.8109375 0.65859375 0.378125 0.5515625
1 0.6421875 0.91328125 0.334375 0.1734375
1 0.17421875 0.47578125 0.2671875 0.3140625
1 0.85546875 0.3078125 0.2328125 0.209375
1 0.9703125 0.40078125 0.059375 0.1390625
1 0.9515625 0.91953125 0.096875 0.1609375
1 0.68046875 0.36171875 0.2078125 0.2609375
1 0.4359375 0.36640625 0.225 0.2671875
1 0.1296875 0.2953125 0.134375 0.153125
1 0.23046875 0.240625 0.1453125 0.15625
1 0.6203125 0.23671875 0.225 0.1921875
1 0.7640625 0.1953125 0.134375 0.15
1 0.61875 0.10078125 0.153125 0.1171875
1 0.4171875 0.17890625 0.16875 0.1578125