1 0.2640625 0.5578125 0.51875 0.88125
1 0.8109375 0.815625 0.378125 0.36875
1 0.51015625 0.7375 0.4953125 0.525
1 0.253125 0.84921875 0.203125 0.3015625
1 0.07109375 0.909375 0.1328125 0.18125
1 0.85546875 0.6234375 0.2765625 0.43125
1 0.9046875 0.39296875 0.190625 0.3703125
1 0.98203125 0.5921875 0.0359375 0.1125
1 0.7359375 0.34921875 0.26875 0.3296875
1 0.05 0.18203125 0.1 0.1921875
1 0.0578125 0.2953125 0.084375 0.1125
1 0.0484375 0.47109375 0.0875 0.2984375
1 0.0515625 0.7171875 0.090625 0.21875
1 0.37890625 0.13125 0.3828125 0.25625
1 0.73671875 0.171875 0.2609375 0.203125
1 0.925 0.2078125 0.15 0.184375
1 0.92734375 0.09609375 0.1453125 0.1359375
1 0.58828125 0.2015625 0.0984375 0.171875
1 0.578125 0.34296875 0.0625 0.1046875
1 0.9640625 0.3265625 0.071875 0.075