1 0.434375 0.26171875 0.12421875 0.23203125
1 0.32734375 0.42109375 0.1578125 0.2828125
1 0.384375 0.69140625 0.16171875 0.36953125
1 0.4640625 0.084375 0.128125 0.16875
1 0.5203125 0.678125 0.09453125 0.14296875
1 0.284375 0.82890625 0.1625 0.3421875
1 0.403125 0.975 0.10546875 0.04921875
1 0.68203125 0.81171875 0.1515625 0.334375
1 0.7046875 0.3609375 0.11328125 0.2109375
1 0.49296875 0.4671875 0.13984375 0.26015625
1 0.3140625 0.059375 0.11328125 0.11875
1 0.58671875 0.05390625 0.11171875 0.10390625
1 0.6984375 0.0453125 0.115625 0.090625
1 0.628125 0.209375 0.25234375 0.31171875
1 0.61015625 0.56640625 0.1171875 0.25625
1 0.65390625 0.7125 0.09765625 0.16796875
1 0.5546875 0.84609375 0.17109375 0.3078125
1 0.3359375 0.21015625 0.10703125 0.2015625