1 0.72734375 0.80859375 0.2921875 0.3828125
1 0.9390625 0.92734375 0.121875 0.1453125
1 0.40390625 0.8234375 0.2078125 0.353125
1 0.20234375 0.9484375 0.1984375 0.103125
1 0.55078125 0.5609375 0.2640625 0.51875
1 0.8453125 0.5 0.309375 0.20625
1 0.3828125 0.121875 0.275 0.24375
1 0.74609375 0.48984375 0.5078125 0.7609375
1 0.59609375 0.1078125 0.1953125 0.209375
1 0.8265625 0.2953125 0.346875 0.265625
1 0.83125 0.08828125 0.334375 0.1765625
1 0.90625 0.1984375 0.1875 0.15
1 0.0875 0.5671875 0.16875 0.184375
1 0.309375 0.61484375 0.259375 0.3265625
1 0.20234375 0.50703125 0.1546875 0.2890625
1 0.08203125 0.18125 0.1640625 0.35625
1 0.2171875 0.20546875 0.121875 0.3203125
1 0.27109375 0.2328125 0.2296875 0.465625
1 0.3609375 0.24921875 0.275 0.4921875
1 0.2375 0.77578125 0.11875 0.2890625
1 0.0859375 0.815625 0.171875 0.171875
1 0.59765625 0.915625 0.1640625 0.16875