1 0.578125 0.55546875 0.23359375 0.49453125
1 0.834375 0.80703125 0.3265625 0.3859375
1 0.82265625 0.08125 0.3359375 0.1625
1 0.1921875 0.78125 0.21328125 0.31171875
1 0.20078125 0.503125 0.13984375 0.28828125
1 0.2125 0.20390625 0.12109375 0.3171875
1 0.325 0.36171875 0.13203125 0.2484375
1 0.44453125 0.37890625 0.11484375 0.234375
1 0.234375 0.77734375 0.1265625 0.303125
1 0.44921875 0.82265625 0.115625 0.35390625
1 0.35546875 0.62421875 0.15234375 0.334375
1 0.384375 0.12578125 0.284375 0.2515625
1 0.60234375 0.1 0.19609375 0.2
1 0.596875 0.934375 0.16640625 0.13125
1 0.74609375 0.50234375 0.5078125 0.7484375
1 0.79765625 0.23984375 0.40390625 0.396875
1 0.94609375 0.17890625 0.1078125 0.1546875
1 0.19765625 0.965625 0.1796875 0.06875
1 0.0796875 0.565625 0.15859375 0.1796875