1 0.82578125 0.70625 0.3203125 0.4921875
1 0.9234375 0.45859375 0.153125 0.52265625
1 0.4671875 0.53984375 0.39296875 0.7
1 0.140625 0.625 0.28125 0.6203125
1 0.08828125 0.91953125 0.1765625 0.1609375
1 0.359375 0.89765625 0.3125 0.2046875
1 0.58984375 0.92265625 0.184375 0.1546875
1 0.8 0.95703125 0.271875 0.0859375
1 0.9609375 0.87578125 0.078125 0.2484375
1 0.765625 0.4109375 0.17890625 0.2953125
1 0.66328125 0.2109375 0.3265625 0.421875
1 0.40625 0.0890625 0.17265625 0.17734375
1 0.23671875 0.28125 0.17265625 0.1828125
1 0.24453125 0.38984375 0.09296875 0.125
1 0.0609375 0.2921875 0.12109375 0.2046875
1 0.12734375 0.09375 0.15390625 0.17265625
1 0.3 0.15625 0.146875 0.15