1 0.47109375 0.5453125 0.3921875 0.721875
1 0.1390625 0.6109375 0.278125 0.6
1 0.0890625 0.91953125 0.178125 0.1609375
1 0.359375 0.9015625 0.303125 0.196875
1 0.5890625 0.921875 0.175 0.15625
1 0.80546875 0.95703125 0.2765625 0.0859375
1 0.95625 0.8765625 0.084375 0.246875
1 0.946875 0.4703125 0.10625 0.55625
1 0.8203125 0.7203125 0.31875 0.521875
1 0.6734375 0.228125 0.34375 0.45625
1 0.4046875 0.09453125 0.16875 0.1890625
1 0.26640625 0.1375 0.1984375 0.16875
1 0.24609375 0.259375 0.1640625 0.15
1 0.25 0.384375 0.090625 0.178125
1 0.76875 0.4046875 0.19375 0.2875
1 0.06796875 0.3015625 0.1265625 0.2
1 0.01640625 0.46328125 0.0265625 0.1140625
1 0.28828125 0.74375 0.0765625 0.165625
1 0.1046875 0.11484375 0.209375 0.2296875