1 0.3296875 0.059375 0.1375 0.11875
1 0.4609375 0.084375 0.128125 0.1625
1 0.584375 0.0484375 0.11875 0.0875
1 0.7015625 0.04140625 0.115625 0.0828125
1 0.3359375 0.2046875 0.1 0.19375
1 0.465625 0.26484375 0.1875 0.2546875
1 0.6203125 0.2046875 0.246875 0.309375
1 0.33359375 0.3875 0.1734375 0.371875
1 0.490625 0.475 0.14375 0.26875
1 0.7015625 0.35546875 0.1125 0.1984375
1 0.2890625 0.828125 0.15 0.34375
1 0.4 0.97578125 0.103125 0.0484375
1 0.51484375 0.92109375 0.2078125 0.1578125
1 0.38203125 0.690625 0.1578125 0.359375
1 0.6359375 0.56484375 0.184375 0.2578125
1 0.51640625 0.6796875 0.1140625 0.128125
1 0.65390625 0.71171875 0.1046875 0.1609375
1 0.54375 0.853125 0.196875 0.29375
1 0.68359375 0.8296875 0.1421875 0.340625