1 0.23203125 0.19375 0.2796875 0.296875
1 0.06953125 0.4453125 0.1328125 0.33125
1 0.1875 0.5296875 0.3 0.41875
1 0.553125 0.70078125 0.3125 0.3890625
1 0.7734375 0.340625 0.28125 0.45
1 0.90234375 0.89609375 0.1953125 0.2078125
1 0.3234375 0.84140625 0.2875 0.3171875
1 0.51875 0.94296875 0.278125 0.1140625
1 0.50390625 0.2921875 0.2796875 0.403125
1 0.865625 0.14921875 0.26875 0.2953125
1 0.63671875 0.0640625 0.2171875 0.128125
1 0.40859375 0.05546875 0.2484375 0.1109375
1 0.8265625 0.7765625 0.346875 0.446875
1 0.16171875 0.83984375 0.3109375 0.3203125
1 0.50390625 0.13125 0.3328125 0.25