1 0.1078125 0.65546875 0.2 0.2703125
1 0.1890625 0.79296875 0.19375 0.1859375
1 0.421875 0.7515625 0.271875 0.33125
1 0.6765625 0.7453125 0.196875 0.29375
1 0.8625 0.62890625 0.234375 0.3546875
1 0.909375 0.33984375 0.18125 0.3046875
1 0.8171875 0.4484375 0.18125 0.228125
1 0.66953125 0.51875 0.1765625 0.24375
1 0.49296875 0.53671875 0.1984375 0.2765625
1 0.33125 0.5171875 0.140625 0.178125
1 0.15703125 0.4921875 0.1953125 0.21875
1 0.16328125 0.2921875 0.1609375 0.215625
1 0.20078125 0.159375 0.1734375 0.1875
1 0.29765625 0.3515625 0.2234375 0.25
1 0.4703125 0.3328125 0.19375 0.203125
1 0.63203125 0.35078125 0.1328125 0.1953125
1 0.7390625 0.3015625 0.1375 0.165625
1 0.740625 0.17109375 0.146875 0.1453125
1 0.821875 0.1125 0.1625 0.196875
1 0.42734375 0.21171875 0.1421875 0.1546875
1 0.59375 0.22421875 0.153125 0.1921875