1 0.0984375 0.10703125 0.19296875 0.2140625
1 0.0515625 0.34296875 0.103125 0.2671875
1 0.03203125 0.56953125 0.06328125 0.2265625
1 0.084375 0.79921875 0.16875 0.3453125
1 0.11796875 0.52890625 0.1875 0.25
1 0.03671875 0.95546875 0.0734375 0.0890625
1 0.28046875 0.82265625 0.30234375 0.3265625
1 0.1625 0.2859375 0.1375 0.26015625
1 0.28125 0.09921875 0.19296875 0.1703125
1 0.23046875 0.021875 0.0921875 0.04296875
1 0.3375 0.0234375 0.1125 0.046875
1 0.4734375 0.1109375 0.20234375 0.221875
1 0.27578125 0.35390625 0.2234375 0.34765625
1 0.27421875 0.67734375 0.2046875 0.30703125
1 0.4421875 0.52890625 0.2203125 0.3671875
1 0.4796875 0.84921875 0.1796875 0.3015625
1 0.19140625 0.89296875 0.20078125 0.2140625
1 0.4046875 0.9703125 0.10390625 0.05859375
1 0.6140625 0.95625 0.2 0.0875
1 0.7296875 0.128125 0.2546875 0.25546875
1 0.57421875 0.2796875 0.2453125 0.384375
1 0.72578125 0.26875 0.06328125 0.08203125
1 0.390625 0.27421875 0.12109375 0.20546875
1 0.7046875 0.47890625 0.234375 0.371875
1 0.596875 0.68203125 0.16484375 0.2390625
1 0.834375 0.51953125 0.03984375 0.0890625
1 0.8078125 0.7515625 0.2546875 0.37734375
1 0.65 0.82421875 0.16875 0.2265625
1 0.88046875 0.3453125 0.2390625 0.44296875
1 0.93125 0.10390625 0.1375 0.2015625
1 0.9640625 0.6421875 0.071875 0.23984375
1 0.93125 0.884375 0.134375 0.23125
1 0.93125 0.67890625 0.10078125 0.21484375
1 0.58203125 0.01640625 0.0390625 0.0328125
1 0.60234375 0.06875 0.05078125 0.07421875