2 0.587890625 0.390625 0.583984375 0.36284722187499996 0.5576171875 0.30555555624999997 0.5224609375 0.27430555624999997 0.4716796875 0.2708333328125 0.4384765625 0.28819444375000003 0.419921875 0.32118055624999997 0.408203125 0.36631944375000003 0.40625 0.4045138890625 0.4140625 0.44618055625 0.4404296875 0.5 0.4638671875 0.5243055562500001 0.509765625 0.5295138890625 0.5458984375 0.5138888890625 0.578125 0.4635416671875 0.5859375 0.4357638890625 0.587890625 0.390625
2 0.34375 0.39756944375000003 0.328125 0.35243055624999997 0.3154296875 0.3333333328125 0.2861328125 0.30902777812500004 0.2529296875 0.30555555624999997 0.236328125 0.3142361109375 0.232421875 0.39409722187499996 0.2265625 0.4322916671875 0.228515625 0.4982638890625 0.224609375 0.5538194437499999 0.2451171875 0.565972221875 0.2734375 0.5642361109375 0.3076171875 0.5416666671875 0.333984375 0.4982638890625 0.34375 0.4635416671875 0.34375 0.39756944375000003
2 0.3251953125 0 0.3056640625 0.02430555625 0.2890625 0.0607638890625 0.283203125 0.10243055625 0.291015625 0.13368055625 0.302734375 0.15451388906250002 0.2890625 0.19965277812499999 0.2890625 0.24479166718749998 0.3076171875 0.2916666671875 0.3154296875 0.3020833328125 0.326171875 0.30034722187499996 0.3525390625 0.28472222187499996 0.3857421875 0.28125 0.4072265625 0.2673611109375 0.4521484375 0.2638888890625 0.455078125 0.25868055624999997 0.45703125 0.21006944375 0.453125 0.18923611093749998 0.4443359375 0.17013888906250002 0.43359375 0.16493055625 0.44921875 0.1232638890625 0.44921875 0.074652778125 0.439453125 0.043402778125 0.4208984375 0.006944443749999999 0.4111328125 0 0.3251953125 0
2 0.642578125 0.19618055625 0.63671875 0.171875 0.6083984375 0.125 0.5791015625 0.1076388890625 0.5380859375 0.1076388890625 0.4912109375 0.1458333328125 0.46484375 0.21701388906250002 0.46875 0.265625 0.4716796875 0.2708333328125 0.5185546875 0.2708333328125 0.5361328125 0.28125 0.5537109375 0.2986111109375 0.5849609375 0.3611111109375 0.58984375 0.359375 0.6064453125 0.35069444375000003 0.630859375 0.3072916671875 0.642578125 0.27256944375000003 0.642578125 0.19618055625
2 0.40625 0.3767361109375 0.421875 0.3142361109375 0.4345703125 0.2916666671875 0.455078125 0.2760416671875 0.4482421875 0.2673611109375 0.4130859375 0.2673611109375 0.3876953125 0.28125 0.357421875 0.32465277812500004 0.34375 0.3802083328125 0.345703125 0.4357638890625 0.357421875 0.47743055625 0.3837890625 0.5173611109375 0.416015625 0.5364583328125 0.431640625 0.515625 0.43359375 0.49131944375 0.41015625 0.4357638890625 0.40625 0.3767361109375
2 0.65625 0.578125 0.640625 0.5017361109375 0.6201171875 0.47222222187499996 0.5849609375 0.4513888890625 0.576171875 0.4739583328125 0.548828125 0.515625 0.54296875 0.5642361109375 0.515625 0.6163194437499999 0.515625 0.6267361109375 0.5234375 0.6614583328125 0.5341796875 0.6805555562500001 0.5634765625 0.7118055562500001 0.58984375 0.7135416671875 0.6123046875 0.7048611109375 0.640625 0.6614583328125 0.65234375 0.6197916671875 0.65625 0.578125
2 0.9599609375 0.5 0.9384765625 0.5208333328125 0.91796875 0.5538194437499999 0.90625 0.5989583328125 0.904296875 0.6232638890625 0.91015625 0.668402778125 0.9150390625 0.684027778125 0.919921875 0.6822916671875 0.9619140625 0.621527778125 1 0.612847221875 0.9990234375 0.49652777812500004 0.9599609375 0.5
2 0.923828125 0.515625 0.8994140625 0.4479166671875 0.8447265625 0.4201388890625 0.8037109375 0.4375 0.775390625 0.4670138890625 0.755859375 0.5225694437499999 0.759765625 0.609375 0.7744140625 0.6458333328125 0.7841796875 0.65625 0.796875 0.6545138890625 0.8837890625 0.6145833328125 0.90625 0.5920138890625 0.921875 0.5399305562500001 0.923828125 0.515625
2 0.83203125 0.18923611093749998 0.8134765625 0.15625 0.7880859375 0.12847222187500001 0.7412109375 0.11805555625 0.7041015625 0.1354166671875 0.671875 0.206597221875 0.68359375 0.2760416671875 0.7177734375 0.33680555624999997 0.7509765625 0.3611111109375 0.78125 0.36284722187499996 0.8154296875 0.33680555624999997 0.837890625 0.2829861109375 0.841796875 0.24479166718749998 0.83203125 0.18923611093749998
2 0.9501953125 0.31597222187499996 0.9287109375 0.3020833328125 0.8818359375 0.30902777812500004 0.85546875 0.3385416671875 0.8359375 0.39409722187499996 0.8388671875 0.40277777812500004 0.8564453125 0.4166666671875 0.8681640625 0.40625 0.9072265625 0.40625 0.9248046875 0.4166666671875 0.951171875 0.453125 0.9619140625 0.49652777812500004 0.984375 0.4947916671875 0.994140625 0.4739583328125 0.994140625 0.421875 0.97265625 0.35243055624999997 0.9501953125 0.31597222187499996
2 0.708984375 0.5086805562500001 0.703125 0.47743055625 0.6806640625 0.4201388890625 0.6513671875 0.3923611109375 0.6357421875 0.3923611109375 0.6259765625 0.39930555624999997 0.625 0.4079861109375 0.642578125 0.4635416671875 0.642578125 0.5086805562500001 0.65625 0.574652778125 0.65234375 0.6232638890625 0.642578125 0.6579861109375 0.6435546875 0.6666666671875 0.650390625 0.6649305562500001 0.6708984375 0.65625 0.693359375 0.6232638890625 0.70703125 0.581597221875 0.708984375 0.5086805562500001
2 0.154296875 0.484375 0.1416015625 0.43055555625 0.1123046875 0.3923611109375 0.0849609375 0.3854166671875 0.0673828125 0.39930555624999997 0.03515625 0.44965277812500004 0.025390625 0.484375 0.025390625 0.519097221875 0.029296875 0.543402778125 0.0478515625 0.597222221875 0.0693359375 0.6145833328125 0.107421875 0.612847221875 0.1337890625 0.597222221875 0.14453125 0.578125 0.154296875 0.5260416671875 0.154296875 0.484375
2 0.20703125 0.45659722187499996 0.20703125 0.421875 0.19921875 0.3732638890625 0.1865234375 0.34375 0.1669921875 0.3263888890625 0.1533203125 0.3263888890625 0.1357421875 0.34722222187499996 0.1044921875 0.3576388890625 0.087890625 0.3802083328125 0.1181640625 0.3958333328125 0.146484375 0.4427083328125 0.15625 0.5052083328125 0.146484375 0.5677083328125 0.150390625 0.578125 0.1689453125 0.565972221875 0.189453125 0.5329861109375 0.203125 0.4947916671875 0.20703125 0.45659722187499996
2 0.28125 0.7552083328125 0.2646484375 0.7118055562500001 0.2392578125 0.684027778125 0.2138671875 0.6805555562500001 0.1787109375 0.7013888890625 0.169921875 0.7135416671875 0.162109375 0.7447916671875 0.162109375 0.7829861109375 0.16796875 0.8072916671874999 0.2099609375 0.8819444437499999 0.23828125 0.8836805562500001 0.2509765625 0.875 0.275390625 0.8420138890625 0.283203125 0.8107638890625 0.28125 0.7552083328125
2 0.2509765625 0.6111111109375 0.2294921875 0.6006944437499999 0.1962890625 0.6076388890625 0.1728515625 0.6319444437499999 0.162109375 0.6614583328125 0.158203125 0.6927083328125 0.1611328125 0.7291666671875 0.1845703125 0.6944444437499999 0.2119140625 0.6805555562500001 0.2353515625 0.6805555562500001 0.2568359375 0.6979166671875 0.27734375 0.7447916671875 0.28515625 0.7517361109375 0.2890625 0.7100694437499999 0.283203125 0.671875 0.2734375 0.644097221875 0.2509765625 0.6111111109375
2 0.361328125 0.7899305562500001 0.3671875 0.765625 0.357421875 0.7170138890625 0.3388671875 0.6875 0.3173828125 0.6736111109375 0.2900390625 0.6736111109375 0.287109375 0.699652778125 0.291015625 0.7170138890625 0.283203125 0.765625 0.283203125 0.8142361109375 0.27734375 0.8385416671874999 0.26171875 0.8697916671874999 0.2822265625 0.8923611109375 0.314453125 0.890625 0.3369140625 0.875 0.3515625 0.8524305562500001 0.36328125 0.8142361109375 0.361328125 0.7899305562500001
2 0.49609375 0.640625 0.4873046875 0.6319444437499999 0.4560546875 0.6493055562500001 0.4443359375 0.6631944437499999 0.4033203125 0.6666666671875 0.3818359375 0.65625 0.3583984375 0.6319444437499999 0.3447265625 0.6354166671875 0.341796875 0.644097221875 0.36328125 0.675347221875 0.376953125 0.7135416671875 0.380859375 0.737847221875 0.380859375 0.793402778125 0.3935546875 0.8055555562500001 0.431640625 0.8038194437499999 0.4755859375 0.7673611109375 0.484375 0.7517361109375 0.501953125 0.6892361109375 0.49609375 0.640625
2 0.8349609375 0.8611111109375 0.8154296875 0.8576388890625 0.7861328125 0.8854166671874999 0.78125 0.859375 0.7744140625 0.847222221875 0.7333984375 0.8229166671874999 0.6708984375 0.8263888890625 0.6513671875 0.840277778125 0.6328125 0.8697916671874999 0.625 0.9114583328125001 0.625 0.956597221875 0.6416015625 0.996527778125 0.73828125 0.9982638890625 0.8857421875 0.996527778125 0.888671875 0.9461805562500001 0.8544921875 0.875 0.8349609375 0.8611111109375
2 0.7998046875 0.6736111109375 0.7724609375 0.659722221875 0.7392578125 0.65625 0.6962890625 0.6875 0.669921875 0.737847221875 0.6640625 0.7725694437499999 0.6650390625 0.8229166671874999 0.7333984375 0.8194444437499999 0.7685546875 0.840277778125 0.7763671875 0.847222221875 0.7861328125 0.871527778125 0.794921875 0.8732638890625 0.8193359375 0.847222221875 0.8359375 0.8107638890625 0.833984375 0.734375 0.7998046875 0.6736111109375
2 0.6640625 0.7517361109375 0.67578125 0.7239583328125 0.6708984375 0.7083333328125 0.6416015625 0.690972221875 0.6240234375 0.690972221875 0.6162109375 0.7048611109375 0.5986328125 0.715277778125 0.5654296875 0.71875 0.541015625 0.765625 0.537109375 0.7829861109375 0.5390625 0.8489583328125001 0.5615234375 0.8923611109375 0.5849609375 0.9166666671874999 0.623046875 0.921875 0.62890625 0.8732638890625 0.6376953125 0.8541666671874999 0.662109375 0.824652778125 0.6640625 0.7517361109375
2 0.6005859375 0.1145833328125 0.6044921875 0.121527778125 0.6220703125 0.1145833328125 0.625 0.08854166718749999 0.62109375 0.043402778125 0.6083984375 0.0173611109375 0.5888671875 0.0034722218749999997 0.5166015625 0.0034722218749999997 0.4775390625 0.02430555625 0.45703125 0.08854166718749999 0.45703125 0.11631944375 0.466796875 0.1614583328125 0.4736328125 0.17361111093749998 0.478515625 0.171875 0.4931640625 0.14236111093749998 0.5361328125 0.1076388890625 0.5673828125 0.1041666671875 0.6005859375 0.1145833328125
2 0.953125 0.17534722187500001 0.953125 0.13368055625 0.947265625 0.105902778125 0.9189453125 0.0625 0.8896484375 0.0451388890625 0.8486328125 0.05208333281250001 0.8251953125 0.065972221875 0.806640625 0.09548611093750001 0.806640625 0.109375 0.818359375 0.13368055625 0.826171875 0.17534722187500001 0.8466796875 0.19444444375 0.859375 0.21701388906250002 0.8857421875 0.28472222187499996 0.900390625 0.2829861109375 0.9189453125 0.27430555624999997 0.9375 0.24479166718749998 0.947265625 0.21701388906250002 0.953125 0.17534722187500001
2 0.9580078125 0.628472221875 0.916015625 0.6927083328125 0.8984375 0.7447916671875 0.896484375 0.796875 0.9013671875 0.8194444437499999 0.896484375 0.8142361109375 0.8935546875 0.7916666671875 0.890625 0.8038194437499999 0.88671875 0.8038194437499999 0.8857421875 0.7743055562500001 0.8828125 0.7829861109375 0.8828125 0.8524305562500001 0.890625 0.8836805562500001 0.9111328125 0.9166666671874999 0.9365234375 0.9305555562500001 0.95703125 0.9288194437499999 0.9736328125 0.9270833328125001 1 0.9079861109375 0.9990234375 0.6145833328125 0.9580078125 0.628472221875
2 0 0.3767361109375 0.0146484375 0.3854166671875 0.029296875 0.38368055624999997 0.0595703125 0.3645833328125 0.0859375 0.3072916671875 0.087890625 0.296875 0.078125 0.2795138890625 0.068359375 0.24131944375 0.0703125 0.18576388906250002 0.0810546875 0.14236111093749998 0.0712890625 0.1458333328125 0.0517578125 0.17013888906250002 0.0390625 0.19618055625 0.0322265625 0.22569444375 0.0185546875 0.215277778125 0.0146484375 0.222222221875 0 0.22395833281250002 0 0.3767361109375
2 0.2509765625 0.30555555624999997 0.275390625 0.30381944375000003 0.26171875 0.24826388906250002 0.2373046875 0.21875 0.2236328125 0.21180555625 0.1943359375 0.215277778125 0.1767578125 0.23263888906250002 0.15234375 0.3177083328125 0.1533203125 0.3263888890625 0.1708984375 0.3263888890625 0.1845703125 0.34027777812500004 0.19921875 0.3697916671875 0.20703125 0.41493055625 0.20703125 0.4635416671875 0.212890625 0.4635416671875 0.2197265625 0.4583333328125 0.2265625 0.4392361109375 0.236328125 0.3142361109375 0.2509765625 0.30555555624999997