3 0.2515625 0.15859375 0.21484375 0.296875
3 0.07421875 0.159375 0.1484375 0.20546875
3 0.8140625 0.28359375 0.175 0.23984375
3 0.4234375 0.3421875 0.2171875 0.31171875
3 0.13515625 0.40078125 0.196875 0.21171875
3 0.74296875 0.47734375 0.1734375 0.2625
3 0.91171875 0.52578125 0.16875 0.28359375
3 0.5734375 0.64453125 0.21171875 0.31796875
3 0.0984375 0.65703125 0.18515625 0.31171875
3 0.38359375 0.76796875 0.203125 0.2640625
3 0.8765625 0.82890625 0.1890625 0.27578125
3 0.734375 0.89921875 0.1828125 0.20078125