3 0.8796875 0.4453125 0.196875 0.21484375
3 0.21796875 0.46328125 0.165625 0.19609375
3 0.3703125 0.47109375 0.1609375 0.21796875
3 0.54140625 0.47421875 0.15 0.2125
3 0.70625 0.47890625 0.1890625 0.21953125
3 0.78359375 0.65078125 0.165625 0.2140625
3 0.2765625 0.65703125 0.15703125 0.21796875
3 0.11484375 0.659375 0.15546875 0.2140625
3 0.4421875 0.665625 0.16015625 0.19453125
3 0.60859375 0.67734375 0.165625 0.20390625
3 0.72734375 0.0859375 0.1703125 0.16875
3 0.36328125 0.84765625 0.1453125 0.171875
3 0.19453125 0.8546875 0.16171875 0.1921875
3 0.69296875 0.8609375 0.1765625 0.22109375
3 0.51328125 0.86328125 0.17265625 0.225
3 0.8515625 0.86484375 0.1625 0.20625
3 0.55625 0.10078125 0.17265625 0.190625
3 0.2125 0.10234375 0.171875 0.19375
3 0.371875 0.10625 0.16640625 0.19453125
3 0.796875 0.2734375 0.1578125 0.1859375
3 0.2984375 0.278125 0.1578125 0.19375
3 0.4625 0.290625 0.16015625 0.20625
3 0.134375 0.290625 0.16328125 0.20390625
3 0.62734375 0.29296875 0.15234375 0.18203125