3 0.8296875 0.43984375 0.253125 0.3453125
3 0.24453125 0.47421875 0.22890625 0.20625
3 0.47734375 0.52734375 0.24453125 0.3578125
3 0.08046875 0.54609375 0.16015625 0.3640625
3 0.2609375 0.6765625 0.23359375 0.2953125
3 0.76484375 0.73359375 0.2046875 0.321875
3 0.50078125 0.82734375 0.27734375 0.32421875
3 0.25234375 0.8828125 0.2265625 0.23359375
3 0.8890625 0.9015625 0.22109375 0.19140625
3 0.26640625 0.18046875 0.240625 0.35546875
3 0.7828125 0.18125 0.29375 0.25703125
3 0.5375 0.21640625 0.24140625 0.28359375