2 0.3291015625 0.2864583328125 0.2861328125 0.2890625 0.265625 0.3190104171875 0.2734375 0.3736979171875 0.3291015625 0.4296875 0.4130859375 0.4609375 0.50390625 0.46484375 0.53125 0.4283854171875 0.529296875 0.40234375 0.4638671875 0.3359375 0.3291015625 0.2864583328125
2 0.23046875 0.4830729171875 0.240234375 0.42578125 0.2275390625 0.4010416671875 0.2119140625 0.3958333328125 0.18359375 0.4205729171875 0.166015625 0.4596354171875 0.154296875 0.5533854171875 0.166015625 0.58203125 0.21875 0.6419270828125 0.2265625 0.62890625 0.21875 0.6028645828125 0.2421875 0.55859375 0.23046875 0.4830729171875
2 0.341796875 0.22526041718749998 0.3232421875 0.1848958328125 0.3037109375 0.1796875 0.2724609375 0.1979166671875 0.201171875 0.2981770828125 0.154296875 0.4127604171875 0.154296875 0.45703125 0.162109375 0.4622395828125 0.1923828125 0.40625 0.2255859375 0.3958333328125 0.26953125 0.3059895828125 0.341796875 0.22526041718749998
2 0.1982421875 0.09375 0.177734375 0.12109375 0.138671875 0.23046875 0.1328125 0.31640625 0.1533203125 0.359375 0.16796875 0.3606770828125 0.26953125 0.1731770828125 0.271484375 0.1158854171875 0.2353515625 0.07291666718749999 0.1982421875 0.09375
2 0.5478515625 0.20833333281250002 0.3876953125 0.1588541671875 0.3642578125 0.1614583328125 0.341796875 0.1861979171875 0.349609375 0.23046875 0.3837890625 0.2734375 0.4599609375 0.3203125 0.521484375 0.33203125 0.5498046875 0.3125 0.568359375 0.2799479171875 0.56640625 0.23567708281250002 0.5478515625 0.20833333281250002
2 0.681640625 0.7486979171875 0.69921875 0.6549479171875 0.677734375 0.59765625 0.6494140625 0.5625 0.6279296875 0.6171875 0.5751953125 0.6328125 0.5703125 0.64453125 0.544921875 0.77734375 0.53125 0.9309895828125001 0.5556640625 0.9973958328125001 0.654296875 0.99609375 0.677734375 0.9622395828125001 0.693359375 0.9049479171874999 0.703125 0.7955729171875 0.681640625 0.7486979171875
2 0.5478515625 0.4348958328125 0.5361328125 0.4244791671875 0.5107421875 0.4661458328125 0.4765625 0.4778645828125 0.484375 0.53515625 0.5185546875 0.5911458328125 0.5673828125 0.6276041671875 0.607421875 0.6263020828125 0.6328125 0.6080729171875 0.64453125 0.58203125 0.642578125 0.5559895828125 0.5478515625 0.4348958328125
2 0.7431640625 0.3333333328125 0.6884765625 0.3098958328125 0.5751953125 0.2994791671875 0.53125 0.3346354171875 0.529296875 0.36328125 0.541015625 0.3919270828125 0.5869140625 0.4375 0.6826171875 0.4765625 0.72265625 0.4778645828125 0.7568359375 0.4557291671875 0.775390625 0.41796875 0.771484375 0.37109375 0.7431640625 0.3333333328125
2 0.71484375 0.08463541718749999 0.6748046875 0.05208333281250001 0.6240234375 0.05208333281250001 0.5361328125 0.1015625 0.462890625 0.1731770828125 0.5283203125 0.1953125 0.5693359375 0.23697916718749998 0.580078125 0.23567708281250002 0.6845703125 0.1979166671875 0.720703125 0.1471354171875 0.724609375 0.1158854171875 0.71484375 0.08463541718749999
2 0.7685546875 0.23697916718749998 0.7333984375 0.21875 0.6884765625 0.21354166718749998 0.67578125 0.22786458281250002 0.666015625 0.2747395828125 0.6787109375 0.3020833328125 0.7451171875 0.3333333328125 0.8115234375 0.4453125 0.87109375 0.47265625 0.88671875 0.45703125 0.892578125 0.4231770828125 0.8154296875 0.2864583328125 0.7685546875 0.23697916718749998
2 0.8974609375 0.21875 0.8408203125 0.1979166671875 0.828125 0.21484375 0.830078125 0.2591145828125 0.8525390625 0.3020833328125 0.89453125 0.3268229171875 0.8828125 0.39453125 0.89453125 0.42578125 0.908203125 0.4283854171875 0.927734375 0.4127604171875 0.94140625 0.36328125 0.923828125 0.2669270828125 0.8974609375 0.21875
2 0.8984375 0.6158854171875 0.8759765625 0.578125 0.8486328125 0.5625 0.8076171875 0.5651041671875 0.7744140625 0.5807291671875 0.716796875 0.63671875 0.685546875 0.70703125 0.68359375 0.74609375 0.7041015625 0.7864583328125 0.744140625 0.7955729171875 0.8076171875 0.765625 0.880859375 0.68359375 0.8984375 0.64453125 0.8984375 0.6158854171875
2 0.9150390625 0.5130208328125 0.8662109375 0.4765625 0.8251953125 0.46875 0.814453125 0.4778645828125 0.794921875 0.5143229171875 0.8115234375 0.5598958328125 0.8603515625 0.5651041671875 0.89453125 0.6002604171875 0.9052734375 0.6354166671875 0.966796875 0.65234375 0.978515625 0.6393229171875 0.974609375 0.6028645828125 0.958984375 0.56640625 0.9150390625 0.5130208328125
2 0.9287109375 0.6458333328125 0.9013671875 0.6432291671875 0.8349609375 0.7421875 0.7763671875 0.7890625 0.740234375 0.80078125 0.7421875 0.8294270828125001 0.7666015625 0.875 0.81640625 0.8841145828125001 0.8671875 0.83984375 0.9296875 0.7252604171875 0.935546875 0.6575520828125 0.9287109375 0.6458333328125
2 0.3330078125 0.8359375 0.310546875 0.87109375 0.322265625 0.9153645828125001 0.3837890625 0.9817708328125001 0.4287109375 0.9973958328125001 0.541015625 0.99609375 0.5234375 0.9388020828125001 0.4853515625 0.8854166671874999 0.4111328125 0.828125 0.3330078125 0.8359375
2 0.486328125 0.7018229171875 0.4599609375 0.6744791671875 0.4150390625 0.6536458328125 0.2998046875 0.6588541671875 0.2333984375 0.6901041671875 0.1875 0.76171875 0.1953125 0.8059895828125001 0.2197265625 0.8255208328125001 0.35546875 0.8294270828125001 0.4423828125 0.8151041671874999 0.4736328125 0.796875 0.494140625 0.7486979171875 0.486328125 0.7018229171875
2 0.4736328125 0.6796875 0.5078125 0.6419270828125 0.521484375 0.6002604171875 0.4814453125 0.5442708328125 0.4169921875 0.5442708328125 0.2412109375 0.6432291671875 0.224609375 0.66796875 0.2265625 0.6966145828125 0.2802734375 0.6640625 0.3662109375 0.6484375 0.4228515625 0.6536458328125 0.4736328125 0.6796875
2 0.203125 0.6263020828125 0.1572265625 0.5651041671875 0.091796875 0.66015625 0.078125 0.71484375 0.080078125 0.7408854171875 0.0908203125 0.7421875 0.0986328125 0.7630208328125 0.12890625 0.76953125 0.1630859375 0.7578125 0.1923828125 0.7291666671875 0.208984375 0.6653645828125 0.203125 0.6263020828125
2 0.0947265625 0.3854166671875 0.068359375 0.4466145828125 0.056640625 0.5950520828125 0.068359375 0.6419270828125 0.08984375 0.6627604171875 0.146484375 0.58203125 0.150390625 0.4283854171875 0.1279296875 0.3723958328125 0.0947265625 0.3854166671875
2 0.318359375 0.42578125 0.2958984375 0.4036458328125 0.263671875 0.4283854171875 0.240234375 0.4830729171875 0.2421875 0.56640625 0.22265625 0.6028645828125 0.2265625 0.6393229171875 0.236328125 0.64453125 0.28515625 0.60546875 0.3125 0.5403645828125 0.3046875 0.46484375 0.318359375 0.42578125