1 0.03828125 0.03203125 0.0765625 0.0640625
1 0.2296875 0.08046875 0.30625 0.1609375
1 0.50078125 0.07890625 0.2296875 0.1578125
1 0.76328125 0.10546875 0.37265625 0.2109375
1 0.1140625 0.290625 0.228125 0.434375
1 0.01796875 0.61171875 0.03515625 0.27578125
1 0.1921875 0.65234375 0.3796875 0.50703125
1 0.03671875 0.6796875 0.05546875 0.171875
1 0.10546875 0.8453125 0.20546875 0.309375
1 0.3671875 0.915625 0.31484375 0.16875
1 0.721875 0.88359375 0.34140625 0.2328125
1 0.959375 0.8875 0.08046875 0.22109375
1 0.90390625 0.13203125 0.1921875 0.2640625
1 0.975 0.321875 0.05 0.303125
1 0.3875 0.265625 0.30234375 0.44296875
1 0.734375 0.378125 0.34921875 0.44296875
1 0.8703125 0.60703125 0.25859375 0.41640625
1 0.81953125 0.85390625 0.196875 0.29140625
1 0.70546875 0.65859375 0.08203125 0.25234375
1 0.53984375 0.659375 0.34765625 0.496875
1 0.8796875 0.346875 0.10234375 0.1484375
1 0.81875 0.85390625 0.196875 0.29140625
1 0.546875 0.31015625 0.03046875 0.20078125
1 0.38125 0.5328125 0.0734375 0.1015625