3 0.75390625 0.6671875 0.33984375 0.390625
3 0.62734375 0.61875 0.23828125 0.3453125
3 0.575 0.6015625 0.284375 0.4015625
3 0.4234375 0.56953125 0.2328125 0.37734375
3 0.35390625 0.59921875 0.28671875 0.36328125
3 0.2078125 0.6296875 0.278125 0.31953125
3 0.83203125 0.5234375 0.25859375 0.23671875
3 0.70546875 0.39921875 0.278125 0.1453125
3 0.5921875 0.36015625 0.26640625 0.13671875
3 0.496875 0.33046875 0.2671875 0.1625
3 0.36171875 0.34921875 0.2109375 0.2140625
3 0.2515625 0.38125 0.26875 0.23828125