3 0.68984375 0.859375 0.27109375 0.19921875
3 0.88984375 0.79453125 0.21796875 0.203125
3 0.4578125 0.8671875 0.22109375 0.17109375
3 0.278125 0.83203125 0.21796875 0.1546875
3 0.103125 0.81953125 0.19765625 0.16328125
3 0.8421875 0.6203125 0.16875 0.115625
3 0.73359375 0.68359375 0.20078125 0.15078125
3 0.57109375 0.62421875 0.203125 0.1296875
3 0.4078125 0.73828125 0.1859375 0.11875
3 0.58671875 0.73671875 0.15703125 0.11796875
3 0.221875 0.703125 0.21640625 0.14140625
3 0.37421875 0.63203125 0.18046875 0.12109375
3 0.24296875 0.51328125 0.16328125 0.11015625
3 0.0984375 0.55546875 0.16171875 0.11796875
3 0.09375 0.65625 0.17578125 0.08984375