3 0.621875 0.7703125 0.33984375 0.4359375
3 0.34609375 0.80390625 0.25234375 0.35078125
3 0.8015625 0.6234375 0.24296875 0.2859375
3 0.1640625 0.67890625 0.2171875 0.2890625
3 0.61875 0.43203125 0.25703125 0.2953125
3 0.82734375 0.4375 0.22265625 0.23359375
3 0.35625 0.5375 0.25078125 0.246875
3 0.1375 0.4390625 0.23203125 0.24453125
3 0.715625 0.2390625 0.21796875 0.26875
3 0.50703125 0.2765625 0.2125 0.2828125
3 0.309375 0.3421875 0.18515625 0.20234375
3 0.25390625 0.1984375 0.1828125 0.2359375
3 0.58046875 0.11796875 0.184375 0.18203125
3 0.40546875 0.1515625 0.16640625 0.24453125