3 0.13515625 0.7015625 0.2703125 0.32109375
3 0.42578125 0.73671875 0.25 0.32109375
3 0.33046875 0.47890625 0.23828125 0.3171875
3 0.128125 0.4359375 0.2265625 0.25546875
3 0.553125 0.52734375 0.2171875 0.31171875
3 0.76953125 0.5453125 0.2328125 0.303125
3 0.5296875 0.896875 0.29375 0.20546875
3 0.79375 0.8875 0.259375 0.225
3 0.90703125 0.7625 0.18359375 0.30625
3 0.85703125 0.359375 0.2171875 0.246875
3 0.64296875 0.32421875 0.1984375 0.221875
3 0.453125 0.3140625 0.20234375 0.2734375
3 0.2578125 0.27890625 0.1875 0.1859375
3 0.7453125 0.19609375 0.184375 0.21953125
3 0.5609375 0.15234375 0.190625 0.23046875
3 0.184375 0.171875 0.19453125 0.25