3 0.46171875 0.63515625 0.140625 0.17109375
3 0.31640625 0.6265625 0.1625 0.15546875
3 0.678125 0.696875 0.15546875 0.190625
3 0.54375 0.4359375 0.1859375 0.215625
3 0.3296875 0.3375 0.146875 0.18359375
3 0.25546875 0.51171875 0.1890625 0.20703125
3 0.415625 0.48671875 0.16640625 0.1484375
3 0.63828125 0.28671875 0.1984375 0.203125
3 0.4671875 0.2921875 0.14609375 0.190625
3 0.57890625 0.5609375 0.1328125 0.16484375
3 0.57109375 0.7328125 0.18828125 0.16015625
3 0.409375 0.721875 0.1375 0.1734375
3 0.703125 0.42421875 0.16875 0.12109375
3 0.7171875 0.54453125 0.18359375 0.13515625