3 0.2640625 0.63984375 0.165625 0.23359375
3 0.51484375 0.57109375 0.140625 0.2140625
3 0.4640625 0.73515625 0.16953125 0.26484375
3 0.37109375 0.85625 0.15625 0.22109375
3 0.74140625 0.378125 0.1421875 0.2109375
3 0.54140625 0.40390625 0.15 0.196875
3 0.2171875 0.5125 0.14453125 0.1546875
3 0.73359375 0.7578125 0.15078125 0.2296875
3 0.0640625 0.86796875 0.12734375 0.2140625
3 0.06875 0.40546875 0.1375 0.21015625
3 0.35390625 0.27734375 0.14765625 0.18046875
3 0.590625 0.24375 0.15078125 0.18828125
3 0.865625 0.671875 0.146875 0.2078125
3 0.24765625 0.20703125 0.1328125 0.1453125
3 0.90703125 0.2671875 0.1515625 0.21640625
3 0.3859375 0.590625 0.140625 0.2125
3 0.0546875 0.675 0.10625 0.1828125
3 0.1421875 0.67109375 0.12578125 0.196875
3 0.19453125 0.8171875 0.1421875 0.18359375
3 0.5765625 0.8546875 0.146875 0.17421875
3 0.859375 0.8546875 0.15390625 0.225
3 0.82890625 0.51640625 0.15 0.221875
3 0.94375 0.45703125 0.1125 0.20546875
3 0.64765625 0.5109375 0.12421875 0.18828125
3 0.621875 0.6625 0.1328125 0.1890625
3 0.340625 0.4296875 0.14296875 0.19453125