3 0.17109375 0.62578125 0.17265625 0.2078125
3 0.4328125 0.609375 0.21328125 0.25546875
3 0.79375 0.32890625 0.22265625 0.259375
3 0.77421875 0.796875 0.2390625 0.3015625
3 0.5390625 0.8109375 0.2375 0.2984375
3 0.290625 0.8046875 0.25390625 0.34296875
3 0.8171875 0.53671875 0.2140625 0.2359375
3 0.32421875 0.36875 0.17890625 0.20703125
3 0.60078125 0.53671875 0.20859375 0.2359375
3 0.61171875 0.33203125 0.16484375 0.1828125
3 0.45 0.32109375 0.1921875 0.24921875
3 0.1546875 0.425 0.16171875 0.18359375
3 0.33828125 0.1578125 0.1828125 0.18828125
3 0.50703125 0.140625 0.16796875 0.196875
3 0.6921875 0.12734375 0.16796875 0.18359375
3 0.65703125 0.19296875 0.13984375 0.14140625
3 0.19453125 0.19609375 0.15703125 0.1875