3 0.4 0.7421875 0.3140625 0.2265625
3 0.61953125 0.6140625 0.2875 0.24375
3 0.128125 0.746875 0.23828125 0.2140625
3 0.13359375 0.571875 0.2671875 0.2
3 0.8515625 0.5890625 0.2546875 0.2046875
3 0.88984375 0.465625 0.2140625 0.215625
3 0.7265625 0.4078125 0.21640625 0.1609375
3 0.38125 0.48046875 0.2015625 0.2296875
3 0.19140625 0.44453125 0.2265625 0.18828125
3 0.53671875 0.38515625 0.159375 0.16484375
3 0.1984375 0.38125 0.25078125 0.17421875
3 0.41484375 0.33125 0.19921875 0.12109375
3 0.78203125 0.18203125 0.42890625 0.35703125