1 0.178125 0.41171875 0.35546875 0.4703125
1 0.47578125 0.3140625 0.18203125 0.28125
1 0.29296875 0.1703125 0.2796875 0.33984375
1 0.165625 0.7421875 0.328125 0.3265625
1 0.20078125 0.8890625 0.3890625 0.221875
1 0.6578125 0.83671875 0.63515625 0.3265625
1 0.31796875 0.77421875 0.25546875 0.41171875
1 0.71875 0.6796875 0.31953125 0.2546875
1 0.6640625 0.15390625 0.21875 0.30078125
1 0.51171875 0.09453125 0.1453125 0.1890625
1 0.58359375 0.1796875 0.003125 0.01328125
1 0.296875 0.06171875 0.121875 0.1234375
1 0.4109375 0.078125 0.1125 0.15625
1 0.86640625 0.14375 0.2671875 0.28125
1 0.8140625 0.35859375 0.371875 0.1578125
1 0.6546875 0.54609375 0.68984375 0.209375
1 0.9328125 0.8953125 0.13359375 0.209375