0 0.0375 0.0546875 0.075 0.109375
0 0.13515625 0.03203125 0.1515625 0.0640625
0 0.28984375 0.05703125 0.1890625 0.1140625
0 0.46328125 0.04296875 0.171875 0.0859375
0 0.63671875 0.053125 0.1640625 0.10625
0 0.79453125 0.0453125 0.1640625 0.090625
0 0.94140625 0.05859375 0.1171875 0.1171875
0 0.1390625 0.12734375 0.17421875 0.16171875
0 0.28671875 0.1875 0.171875 0.171875
0 0.4671875 0.13515625 0.1640625 0.14609375
0 0.65 0.18515625 0.18515625 0.1875
0 0.81875 0.14453125 0.1796875 0.17421875
0 0.959375 0.1890625 0.08125 0.15625
0 0.85390625 0.30703125 0.19296875 0.21328125
0 0.46328125 0.27734375 0.203125 0.18515625
0 0.68359375 0.3609375 0.20078125 0.1953125
0 0.90234375 0.48203125 0.1953125 0.22890625
0 0.71875 0.54140625 0.25546875 0.24453125
0 0.91796875 0.71484375 0.1640625 0.26796875
0 0.75390625 0.7671875 0.2421875 0.27890625
0 0.12109375 0.29140625 0.2109375 0.16640625
0 0.28515625 0.3515625 0.18515625 0.18203125
0 0.4859375 0.46875 0.20546875 0.22890625
0 0.50546875 0.6796875 0.234375 0.234375
0 0.51171875 0.84609375 0.22109375 0.125
0 0.0921875 0.46484375 0.184375 0.1953125
0 0.27734375 0.52890625 0.2109375 0.22421875
0 0.08984375 0.68515625 0.1796875 0.27109375
0 0.26171875 0.76796875 0.23203125 0.27109375
0 0.07265625 0.8671875 0.1453125 0.09375