1 0.28125 0.44296875 0.14375 0.26015625
1 0.3046875 0.69375 0.31328125 0.328125
1 0.6296875 0.49453125 0.19296875 0.340625
1 0.8 0.78359375 0.18515625 0.31953125
1 0.78515625 0.30078125 0.190625 0.3234375
1 0.66015625 0.11875 0.1390625 0.2375
1 0.5640625 0.109375 0.07890625 0.16328125
1 0.60390625 0.29453125 0.08671875 0.1265625
1 0.50234375 0.4109375 0.09140625 0.1515625
1 0.48046875 0.19375 0.1421875 0.25078125
1 0.409375 0.35078125 0.0984375 0.1640625
1 0.53515625 0.72109375 0.1453125 0.26796875