1 0.23046875 0.2234375 0.08828125 0.16171875
1 0.3421875 0.20625 0.1421875 0.25625
1 0.29609375 0.42578125 0.09609375 0.1484375
1 0.53125 0.20546875 0.08515625 0.1546875
1 0.45859375 0.3609375 0.13828125 0.24375
1 0.37734375 0.79921875 0.0859375 0.1609375
1 0.29921875 0.61796875 0.17734375 0.25390625
1 0.68203125 0.2890625 0.19296875 0.30390625
1 0.4890625 0.73359375 0.19140625 0.434375
1 0.74453125 0.70859375 0.31171875 0.45078125
1 0.8296875 0.49453125 0.18671875 0.29296875
1 0.83515625 0.1140625 0.10546875 0.15390625
1 0.8328125 0.75859375 0.153125 0.25390625