1 0.275 0.0921875 0.34375 0.184375
1 0.6171875 0.30390625 0.3953125 0.51171875
1 0.04375 0.38828125 0.0875 0.3078125
1 0.60703125 0.7703125 0.353125 0.45859375
1 0.28984375 0.60234375 0.40625 0.5015625
1 0.746875 0.09765625 0.20390625 0.19453125
1 0.903125 0.140625 0.19375 0.27578125
1 0.88046875 0.675 0.2390625 0.525
1 0.7515625 0.94609375 0.190625 0.1078125
1 0.50625 0.134375 0.2 0.24296875
1 0.840625 0.34765625 0.1671875 0.3375
1 0.159375 0.1984375 0.27734375 0.3734375
1 0.08125 0.74921875 0.16171875 0.48515625
1 0.03671875 0.909375 0.0734375 0.175
1 0.278125 0.92734375 0.35078125 0.1453125